26336
26337
26856
27096
27154
27378
27688
27959
27963
27976
27994
28077
28144
28371
28728
28746
28937
28989
29044
29124
29292
29472
29565
29775
29781
29902
29928
29995
30091
30114
30189
30282
30326
30416
30537
30680
30688
30836
30922
31082
31472
32093
32321
32347
32504
32528
32569
32674
32693
32713
32753
32938
32991
33034
33062
33151
33191
33210
33211
33227
33387
33434
33455
33460
33599
33608
33620
33678
33702
33821
33832
33870
34222
34273
34351
34525
34597
34648
34698
34699
34727
34918
34985
35042
35579
35597
35674
35689
35691
35773
35774
35910
35955
35986
35999
36018
36025
36046
36063
36077
36103
36166
36197
36267
36277
36296
36417
36760
36971
36978
36986
37068
37170
39244
39277
39362
39367
39393
39559
39822
40140
40593
40898
40928
41108
41276
41337
41352
41386
41664
42595
42866
42901
43644
43748
43753
43949
44734
44944
45096
45115
45259
45421
45886
46131
46170
46638
46667
46692
46720
46981
47036
47656
47766
47868
48216
48222
48252
48606
48626
48693
48699
49143
49272
50259
50712
50898
51046
51129
51147
51395
51730
51756
52260
52377
52713
53016
53091
53717
53783
53832
55071
55251
55362
55428
55431
56514
56841
57096
57153
57173
57568
57929
58130
58508
58511
58574
58630
58961
59078
59120
60351
60434
61787
62116
62207
63470
63642
63781
64048
64159
64203
64250
64375
64439
64467
64564
64588
64892
65281
65319
65399
65551
65587
65614
65889
66001
66286
66328
66373
66487
66488
66511
66647
67222
67426
68149
68312
68548
68597
68666
69033
69064
69138
70443
70499
70523
70775
70877
70904
70960
70962
71060
71177
71330
71378
71380
71504
72005
72212
72405
72564
72570
72581
72586
72621
72833
73558
73658
73686
73841
73849
73880
73899
73949
74066
74155
74241
74408
74472
74723
76162
76172
76340
76381
76848
77307
77427
77497
77952
78985
79354
79584
79625
79636
80199
80509
81272
81413
82694
82900
83252
83640
83707
83754
86070
86227
86442
86463
86602
86715
87150
87342
87642
87711
87715
87717
87780
87789
87864
88045
88821
88861
89046
89179
89332
89461
89488
89500
89718
89775
90209
90313
90521
90720
90896
91079
91130
91316
91343
91352
91579
91633
91661
91834
92065
92229
92545
92732
92793
92829
92905
93058
93207
93215
93219
93224
93325
93363
93376
94143
94437
94596
94653
94731
94902
95057
95527
95557
95580
95674
96372
96388
96598
96801
96812
96822
96831
96864
96875
96885
96924
96985
97075
97580
97705
97868
98039
98050
98109
98129
98171
98431
98435
98672
99043
99972
100166
100415
100595
101006
101012
101027
101030
101207
101270
101315
101321
101559
101954
102247
102506
102706
102742
103011
103227
103303
103318
103339
103423
103579
104545
104638
104830
104901
105213
105277
105379
105709
105923
106841
106983
107044
107451
107802
107820
108023
108035
108260
109134
109578
110376
110466
110880
111519
111711
111771
111785
111816
112038
112143
112524
112711
113561
113579
114087
114105
114136
114141
114372
114831
114843
114886
115710
115821
115895
116252
116593
116710
116908
116995
117122
117576
117695
117795
118294
118304
118421
118671
120377
121332
121603
121727
122375
122588
122779
122985
123250
123263
124599
125289
125836
125925
126608
127421
128561
129878
129907
129937
130000
130048
130336
130431
130508
130544
130702
130991
131206
131207
131341
131490
131557
131617
131891
131983
132018
132148
132156
132633
132669
132708
132756
133368
133479
133539
133698
134277
134472
134641
134773
134779
134788
134885
134890
134917
134920
135146
135273
135274
135542
135577
135911
136083
136179
136210
136356
136368
136527
136579
136594
136619
137266
137311
137856
138135
138334
138425
138490
138495
138639
138686
138759
138762
138838
138848
138871
138886
138921
138922
138951
138983
139006
139017
139068
139106
139222
139233
139273
139395
139427
139432
139686
139937
140656
140787
140910
141090
141141
141419
141644
141703
142169
142278
142470
142621
142765
142768
142823
142835
142896
143038
144276
144282
144387
144516
144528
144594
144905
144940
145248
145412
145517
145679
145695
145806
145807
145867
145870
146041
146403
146407
146457
146627
147273
147411
147544
148037
148204
148217
148277
148452
148479
148503
148554
148587
148665
148671
148751
148776
148798
148815
148915
149112
149122
149148
149149
149160
149380
149501
149623
149785
149790
150043
150521
150852
151371
151569
151733
152243
152632
152800
152956
152978
153010
153017
153367
153370
155200
155522
155570
155630
155663
156869
156935
156990
157092
157219
157314
157363
158854
159221
159685
160393
160442
160449
160514
160585
161384
161561
161598
161651
161795
161828
161894
161930
162266
162407
163105
163114
163128
163129
163139
163427
163440
165195
166074
166203
166350
166355
166463
166778
166895
166934
168175
168187
168871
169294
169820
170139
170156
170408
170567
170681
171083
172939
173114
173181
173294
173826
173827
174154
174694
174819
174988
175399
175621
175811
175966
176033
176034
176255
176756
176759
176839
177173
177266
177413
177550
177735
177772
178050
178237
178524
179020
179065
179188
179275
179398
179431
179515
179912
180192
180210
180257
180425
180756
180762
180915
181158
181676
181912
181955
182090
182423
182496
182525
182636
183210
183425
183567
183636
183650
183786
183865
183943
184081
184082
184116
184200
184857
184947
184955
185321
185829
186072
186987
187066
187102
187351
187423
187858
188231
188680
188907
189176
189178
189206
189211
189215
189248
189258
189317
189470
189702
189818
189896
189936
190022
190142
190373
190375
190383
190487
190550
190598
190721
190828
191432
191450
191594
191675
192566
192662
192881
192935
193041
193191
193482
194605
195295
195661
195787
195912
196208
196237
196424
197700
197744
197790
197958
198171
198273
198411
198588
198648
198924
199158
199536
199588
200384
200398
200415
200574
200883
201167
201465
201647
201678
202263
203073
203116
203531
203814
204071
204865
211064
211120
211150
211204
211352
211502
211652
211919
212124
212171
212310
212822
213072
213257
214202
214469
214484
214913
214921
215077
216408
216656
216864
217490
217616
217640
217786
217854
217890
218013
220209
220345
220346
220861
220864
220881
221031
221568
222547
223011
223114
223281
223286
223314
223333
223475
224029
224466
224719
224871
224875
224905
225024
225226
225313
225676
225923
226236
226283
226476
226523
226591
226674
227273
227411
227552
228041
228423
228430
228506
228791
228828
228903
229515
229761
229838
230025
231138
232082
232203
232425
232438
232442
232502
232548
232796
232990
233225
233327
233537
233549
233563
233564
233705
233747
234140
234193
234212
234607
234893
235632
235641
235921
236021
236044
236306
237401
237594
237961
238349
238372
238669
238834
238924
238957
239134
240151
240268
240624
241247
241314
241435
241839
241989
242546
242774
242830
242917
243097
243154
243261
243409
243519
243872
244062
244083
244454
244494
244523
244550
244753
244756
244838
244879
245022
245379
247757
247759
247784
247791
248038
248439
248553
248597
248598
248682
249247
249383
249466
249905
250155
250194
250317
250383
250521
250626
250627
250950
251043
251148
251208
251499
251544
251868
251979
252033
252102
252225
252235
252351
252386
252470
252475
252810
253142
253208
253277
253318
253488
253614
253713
254316
254317
254336
254592
254613
254644
254765
255059
255418
255474
256045
256063
256089
256090
256114
256581
256613
256643
256649
256683
256713
256727
256763
256878
256880
256931
257172
257357
257373
257381
257426
257439
257516
257521
257522
257616
257646
257713
257834
257945
258339
258580
258602
258840
258966
259176
259195
259266
259491
259692
259794
259923
259951
260067
260120
260123
260167
260223
260232
260247
260291
260293
260331
260376
260488
260881
261013
262150
262330
262342
262408
262483
262504
262630
262873
263053
263059
263188
263455
263479
263590
263605
263638
263668
263683
263690
263753
263911
264616
264781
265082
265091
265260
265508
265595
265664
266255
266696
266717
266720
267149
267668
268466
268483
268579
268791
268845
268846
268847
269157
269574
269916
270193
270543
270856
272218
273112
273421
274263
274456
274783
275213
275301
275627
275654
276080
276104
276311
276321
276695
276713
276815
276932
277151
277238
277770
277787
277905
278046
278070
278108
278148
278157
278242
278713
278938
279151
279316
279700
280080
280667
280790
280961
281719
281795
281969
282067
282278
282401
282901
282931
283427
283562
283571
283660
283803
283856
283964
284073
284095
284130
284178
284257
284282
284529
284579
284586
284674
284844
284902
285005
285189
285236
285394
285488
285587
285809
285929
286178
286202
286222
286346
286375
286862
287126
287384
288099
289119
289300
289433
290653
291187
292055
292071
292269
292346
292455
292456
292509
293010
293043
293166
293199
293206
293328
293533
293640
293679
293712
293812
293845
294133
294393
295324
295588
295850
295914
296101
296275
296298
296749
297457
297565
297592
298123
298219
298460
298687
298765
299053
299116
299647
299757
300056
301483
301505
301594
301695
301712
301718
301761
301792
301797
301848
301873
301877
301924
301934
302021
302080
302140
302223
302227
302255
302350
302362
302378
302380
302464
302471
302476
302529
302542
302633
302716
302793
302816
302826
302829
302918
302935
302964
302974
303001
303056
303281
303308
303350
303361
303402
303435
303483
304314
304320
304371
304393
305240
306076
306340
306550
306619
306841
307104
307171
307231
307639
308190
308333
308827
309221
309437
309886
310160
310171
310178
310226
310232
310533
310576
310668
310671
310874
310893
311489
311545
312034
312220
312463
312613
312824
312845
312859
313552
314335
314338
314870
315065
315217
315674
315783
316025
316294
316388
316460
316498
316546
316632
316868
316874
317056
317124
318129
318187
318344
318368
318395
318650
318836
319121
319556
319584
319586
319721
321095
321122
321251
321313
321359
321426
321657
321685
321763
322066
322076
322192
322207
322368
323343
323371
323497
323610
323652
323883
324029
324390
324397
324424
325145
325201
325265
326329
326411
326543
326724
327455
328214
328243
328693
329893
331210
331213
331255
331270
331642
332920
332970
333302
333628
333801
334050
334167
334188
334281
334503
335001
335048
335555
335581
335733
335992
336156
336197
336214
336289
336423
336449
336490
336519
336624
336795
336869
337111
337127
337182
337352
337390
337505
337519
337590
337673
337905
337914
337953
337964
338050
338145
338462
338465
338670
339115
339305
340156
340234
340507
340858
341686
341742
341777
341786
341838
342093
342462
342922
343775
344746
344826
344902
346529
346859
346870
347039
347165
347287
347520
347647
347706
347916
348634
348682
348717
348738
348848
348943
348957
349220
349855
350146
350513
350705
351041
351734
351758
352325
352499
352780
353580
355612
355682
355685
355746
355747
355758
355840
355908
356710
357540
357541
357738
357741
357955
358033
358060
358420
358618
358850
358894
359356
359743
360178
360460
360668
360669
360682
360810
360811
360902
361222
361267
361280
361392
361396
361489
361497
361546
361688
361788
362275
362315
362517
362531
362658
363250
363445
363457
363634
363863
363899
363925
364426
364631
364704
364746
364755
365053
365116
365355
365934
366054
366193
366246
366456
367474
367690
367836
368214
368217
368576
368643
368739
368784
368868
369297
369603
370178
370304
370386
370601
370829
370992
371210
371244
371255
371572
371735
371942
371952
372035
372078
372095
372149
372809
373026
373284
373728
374542
374562
374576
374674
374698
375044
375219
375279
375574
375601
375691
375694
375934
376081
376411
376429
376567
376703
377342
377587
378204
378456
379313
379439
379493
379499
379529
379574
379942
380279
380325
380389
380756
380809
380934
380958
380973
381073
381240
381280
381328
381391
381442
381445
381607
381823
382609
383042
383427
383441
383605
383709
383847
383978
384077
384385
384680
384737
384843
384855
384922
385024
385049
385091
385125
385134
385193
385232
385272
385292
385355
385360
385422
385432
385473
385499
385505
385541
385542
385550
385590
385599
385600
385607
385711
385714
385718
385810
385820
385866
385872
385886
385964
386040
386090
386266
386289
386321
386352
386360
386373
386386
386421
386435
386566
386757
386765
386850
387314
387368
387393
387419
387502
387531
387587
387612
387640
387779
387804
387870
387908
387914
387959
388015
388037
388079
388145
388181
388183
388217
388227
388279
388304
388551
388652
388673
388717
388897
389318
389371
389433
390232
391113
393373
393475
393498
393505
393508
393738
393749
393765
393785
393794
393808
393821
393862
393889
393908
393951
393959
393964
393982
393984
393995
394211
394371
394423
394553
394739
395073
395123
395136
395260
395275
395477
395522
396078
396079
396138
396602
397249
397548
397585
397647
397671
397968
397974
398130
398246
398262
398298
398409
398410
398416
398457
398466
398655
398957
399062
399239
399449
399492
399554
399657
400145
400379
400508
401147
401177
401259
401270
401375
401999
402026
402165
402334
402341
402614
402833
402884
403009
403324
403404
403459
403476
403510
403564
404225
404267
404297
404489
404597
404631
404644
404738
404802
405513
405539
405644
405665
405973
406001
406129
406315
406344
406505
406850
407228
407603
407727
408214
408398
408461
408533
408665
408674
409382
409424
409472
409769
409802
409928
410111
410327
410521
410647
410784
411171
411520
411541
411637
411868
411881
411882
411905
411955
411969
411976
412003
412152
412264
412303
412414
412469
412495
412510
412588
412596
412627
412806
413482
414346
414445
414726
414925
415039
415093
415428
415528
415580
415643
415833
415834
415861
415873
416053
416240
416282
416559
416576
416771
417637
419141
421206
421436
421591
421818
422317
422867
422958
423010
423455
423589
423719
423791
423869
423908
424027
424322
424438
424517
424761
424794
424795
424855
424866
424986
425001
425023
425026
425105
425132
425137
425230
425491
425513
425653
425817
425829
425875
425941
425954
426130
426152
426184
426423
426465
426471
426481
426506
426557
426563
426630
426884
427016
427084
427085
427189
427288
427464
427480
427526
427658
427791
427825
427863
428126
428303
428304
428394
428479
428519
428537
428607
428764
428775
428776
428868
428878
428895
428912
428931
429029
429033
429042
429103
429107
429113
429127
429457
429794
430414
431439
433253
433284
