21158
21297
21359
21360
21371
21430
21540
21670
21859
22066
22350
22515
22702
22764
22772
22827
22846
22897
24036
24072
24085
24205
24213
24299
24307
24347
26331
26365
26368
26412
26501
26529
26534
26567
26807
28612
28745
28769
28795
28859
28874
28989
29066
29082
29083
29088
29203
29205
29225
29240
29241
29300
29443
29515
29540
29610
29671
29701
29856
29943
29944
29995
30116
30164
30194
30251
30262
30285
30335
30373
30462
30584
30701
30730
30783
30793
30891
30927
31045
31175
31334
31381
31450
31566
31590
31686
31771
31796
31798
31824
31838
31931
32004
32025
32429
32465
32787
32957
33164
33185
33303
33320
33378
33585
33603
33714
33792
34030
34816
34837
34903
35185
35365
35419
35494
35512
35524
35563
35569
35863
35890
35908
35923
36445
36481
36524
36688
36722
37634
37849
37895
38099
38124
38229
38373
38382
38388
38964
39051
39241
39393
39441
39500
39525
40068
40100
40107
40575
40683
41211
41268
41680
42451
42694
42739
42745
42826
43207
43261
43354
43381
43594
43681
44257
44566
44626
44980
45197
45217
45970
46139
46240
46258
46312
46953
47059
47899
48670
48931
48974
49561
50022
50628
51340
51976
52127
52186
52237
52312
52660
52825
52869
52905
53513
53526
53538
53550
53568
53771
53843
53880
54177
54311
55335
55443
55512
55552
55566
55650
55878
56177
56675
56885
57032
57103
57356
57806
57860
58040
58082
58607
58706
58860
59484
59496
59573
59641
60064
60161
60330
60337
60361
60842
61260
61736
61761
61813
61827
61833
61974
61995
62076
62868
62971
63189
63736
64389
64951
65076
65514
65971
66305
66738
67456
67631
67774
67836
68090
68261
68438
68659
68967
69094
69155
69275
69806
70030
70072
70126
70147
71014
71043
71087
71097
71156
71313
71410
71449
71701
71728
72040
72705
73067
73580
73732
74423
74572
74743
74884
74988
75075
75279
75343
75400
75467
75537
75672
75722
75869
76677
76747
76754
76842
77004
77184
77355
77571
77583
78090
78874
79092
79138
79551
79611
79642
79717
80094
80196
80203
80223
80279
80313
80319
80359
80366
80376
80433
80439
80604
80649
80670
80673
80742
80935
81028
81358
81409
81528
81974
81975
82055
82439
82538
82557
82785
82787
82930
82973
82997
83057
83207
83446
83631
83877
83895
83967
83981
84062
84373
84848
84859
85363
85430
85483
85615
85628
85671
85773
85992
86001
86079
86190
86192
86271
86328
86329
86358
86454
86592
86690
86831
86832
86967
87022
87172
87183
87390
87652
87664
87688
87958
87976
88021
88033
88303
88584
88776
88918
89243
89273
90273
90723
91114
91153
91256
91264
91730
91817
92203
92413
92485
92630
92800
93000
93181
93538
93553
94494
95022
95406
96041
96323
96365
96379
96432
96738
96767
96768
96780
96890
96902
96918
97192
97211
97697
97901
98069
99372
99941
99962
100224
100496
101106
101339
101966
102424
102425
104033
104294
104395
104664
104669
104685
106108
106996
107290
107557
107864
107995
108920
109158
109360
109481
110584
110637
111085
111248
111316
111317
111784
111801
111968
112070
112473
112991
113314
113443
113559
113657
113865
113871
113876
113899
113977
114082
114524
114637
115201
115860
116020
116030
116433
116802
116822
116906
116986
117004
117205
117295
118010
118430
118694
118793
118832
118865
118892
118895
118943
119135
119236
119303
119345
119574
119772
120011
120357
120373
120505
120556
121043
121045
121066
121234
121249
121279
121447
121449
121450
122256
122391
122718
123010
123026
123151
123360
123378
123394
123421
123440
123535
123761
123919
124061
124136
124490
125785
126431
126504
126526
126679
126835
127063
127474
127729
127755
127776
127878
128154
128535
128652
128794
128821
128891
129006
129186
129510
130584
131250
131653
131886
132867
134053
134225
134238
134291
134410
134554
134908
134956
135166
135650
135693
135793
135809
135821
136144
136225
136260
136384
137516
137522
137712
137840
138164
138350
138706
138759
138806
138890
139013
139436
139438
139505
139986
140088
140425
141161
141542
141658
141800
141865
141883
141908
141977
142186
142222
142223
142585
142589
142603
142635
142653
142665
142775
142782
143498
143550
143678
144098
144344
144368
145040
145097
145172
145195
145720
145726
145771
145826
147017
147445
147565
147855
147927
148026
148135
148303
148402
148411
149059
149212
149941
150379
150485
150493
150662
150688
150714
151050
151245
151609
151705
151846
152040
152136
152244
152343
152637
152784
153043
153134
153250
153254
153410
153468
154954
155081
155099
155165
155209
155215
155456
155705
155930
155973
155999
156143
156400
156505
156523
156530
157046
157189
157220
157319
157412
157502
157579
157773
157821
157921
158024
158223
158721
158913
159148
160173
160189
160190
160222
160223
160251
160491
160511
160930
160945
161251
162223
162243
162437
162448
162452
162540
162711
162714
162768
162832
162863
162881
162924
162937
163105
164500
164522
164529
165091
165169
165469
165578
165596
165680
166098
166242
166532
166589
166590
166911
167364
167552
167997
169122
169356
169908
170274
170886
170937
170991
171207
171829
171903
172657
172660
172676
173029
173158
173334
173397
173466
173923
174214
175220
175236
175828
176002
176039
176054
176153
176194
176284
176674
176779
176870
177542
177578
177584
177669
179498
179602
179659
179749
180158
180354
180756
180789
181065
181431
181803
181808
181820
181907
181967
182087
182284
182572
182893
183534
183648
183678
183735
183814
184047
184128
184212
184319
184350
184848
184896
184941
185180
185538
185621
186023
186317
186716
186880
187044
187746
187833
188959
189088
189098
189246
189334
189396
189441
189457
189713
190275
190298
190302
191362
191377
191385
191389
191400
191458
192156
192229
193023
194259
194415
195081
195849
196239
196502
196544
197042
197119
205045
205176
205184
205203
205252
205704
205745
205946
206267
206271
206436
206485
206489
206669
206795
207263
207300
207320
207649
207693
208362
209941
210671
211656
211787
211865
212605
212831
213509
213602
213608
213639
213641
213827
213944
214033
214337
215934
215975
216283
216295
217316
217327
218473
218662
219321
219419
219452
219542
219914
220333
220447
220448
220459
220469
220502
220527
220637
220726
220733
220756
220988
221208
221323
221351
221620
221804
222067
222287
222376
222688
222854
223295
223487
223501
223534
223663
223746
225236
225353
225498
226802
226827
227061
227070
227113
227560
227773
227777
228019
228508
228740
228745
228756
228789
228855
229028
229061
229144
229175
229307
229547
229619
229709
229834
229877
229891
230024
230075
230257
230270
230470
230483
230565
230587
230606
230666
230768
230867
230900
231171
231395
231543
231892
231987
232021
232040
232348
232513
233792
233805
233826
234121
234413
234695
234705
235019
235091
235177
235337
235355
235475
235550
235574
235667
235668
235976
236023
236393
236421
236585
236615
236974
237073
237205
237213
237319
237480
237787
238089
238135
238732
238933
238997
239123
239131
239174
239180
239328
239337
239372
239386
239413
239558
239599
240067
240119
240214
240364
240782
240847
241027
241123
241421
241432
241543
241555
241666
242203
242249
242396
242423
242534
242549
242592
242867
242918
242954
243083
243119
243323
243326
243941
244253
244294
244400
244474
244744
244790
245039
245076
245099
245322
245341
245368
245384
245399
245734
246253
246451
246614
247487
247968
247987
248007
248190
248356
248569
248967
249011
249054
249084
249099
249201
249294
249375
249414
249495
249879
250133
250254
250419
250565
251256
251544
251702
252286
252649
252684
252688
252733
252846
252967
253071
253108
253150
253440
254497
254968
255203
255251
255746
255796
256123
256465
256639
256690
256715
256755
256934
257039
257216
257259
257295
257310
257383
257783
257831
257958
258022
258097
258370
258658
258835
258848
258895
258958
258965
259162
259189
259194
259208
259213
259228
259441
259504
259540
259787
259981
260023
260075
260155
260175
260335
260428
260440
260448
260588
261113
261196
261358
261529
261777
261994
262653
262668
262698
263057
263085
263129
263244
263481
263882
264165
264167
264641
264710
265067
265123
265324
265422
265449
265456
265527
265893
266235
266253
266444
266999
267731
267902
268403
268513
269086
269475
269482
270011
270173
270200
270332
270368
270695
270752
272069
272123
272177
272233
272267
272315
272381
272580
272728
273075
273117
273366
273435
273516
274782
275054
275159
275210
276699
277037
277936
278224
278337
279038
279101
279200
279201
279278
279361
280016
280163
280289
280598
281119
281490
282090
282672
282750
282888
282930
283074
283089
283381
283387
283478
283943
284375
284561
284867
285116
285419
285492
285555
286218
286734
286743
287040
287049
287490
287508
288239
288255
288267
288990
289744
289974
290043
290106
290669
290907
291106
291762
291863
291981
292541
292545
292580
292593
292611
292624
292752
292804
292953
293059
293271
293604
294251
294302
294332
294429
294432
294473
294494
294543
294549
294584
294608
294619
295035
295075
295077
295147
295391
295697
295724
295802
296529
296534
296668
296771
296897
297092
297146
297331
297365
297650
297745
297888
297958
298271
298953
298955
299490
299496
299551
299577
299874
299940
300297
300360
300402
300419
300756
300806
300816
301236
301476
301479
301512
301515
301569
301677
302193
302207
302943
303003
303071
303097
303104
303151
303215
303455
303480
303549
303783
303882
304146
304503
304560
304659
304682
305082
305112
305872
305904
306270
306555
306617
307097
307104
307136
307226
307265
307271
307299
307370
307670
307766
307910
307956
307977
307980
308004
308090
308132
308184
308193
308229
308559
308682
308751
308763
308766
308880
308909
308946
308999
309105
309239
309329
309348
309490
309564
309882
309948
310187
310498
310503
310520
310552
310812
311129
311828
311865
312326
312728
312946
313196
313211
313349
313385
313409
313500
313670
313709
313739
313745
313782
313793
313808
314594
314615
314624
314642
314885
315022
315096
315327
315842
316551
317045
317046
317150
317224
317305
317491
317989
318505
318519
318588
318592
318613
318628
318721
318723
318778
318819
318879
318887
319037
319218
319398
319872
319934
319963
320027
320639
320686
320788
320812
320873
320888
321044
322043
322216
322237
322290
322451
322480
322604
322612
322636
322997
323243
323333
323341
323385
323703
324405
324918
325332
326192
327178
327685
328338
328664
328971
329172
329633
332595
332597
332621
332629
332672
332735
332945
333385
333852
333992
334468
334513
335070
335122
335178
335275
336181
336365
336383
336512
336524
336551
336614
337122
337192
337203
337220
337222
337260
337272
337299
337300
337345
337582
338561
338643
338765
339206
339302
339894
340014
340103
340104
340506
341205
341279
342031
342564
343373
343445
343571
343574
343823
343856
344213
344492
344742
344828
344873
344909
344939
345047
345062
345066
345085
345099
345117
345119
345365
345392
345962
346113
346401
346529
346735
347630
347791
347819
347951
348200
348206
348305
348560
348750
348792
348930
350244
350351
350627
351259
351611
351924
352101
352196
352209
352365
353336
354372
355630
356308
356419
357157
357273
357781
357980
358201
358208
358261
358315
358354
358391
358552
358569
358915
359101
359301
359445
359702
360306
360316
360317
360588
360767
360976
361221
361949
362386
362496
362538
362546
362886
363069
364146
364524
365916
366471
366855
367258
367390
367642
368244
368620
368828
368840
369027
369255
369324
369999
370110
370140
371132
371294
371772
372156
372312
372513
372633
373437
374343
374405
374406
374408
374698
374723
374836
374851
375069
375706
375921
375928
375929
375932
375968
375980
375984
376009
376051
376116
376315
376379
377089
377112
377789
377883
377896
378306
378328
378552
378557
378706
379811
380654
380822
381011
381025
381093
381120
381644
381650
381896
382481
382988
383067
383637
384052
384310
384481
384523
385172
385408
385510
385772
385990
386167
386296
386413
386527
386613
387467
387695
387767
387794
387923
388010
388288
388388
388629
388835
389073
389732
389963
390467
390521
390617
390932
391152
391162
391555
391904
392058
392787
392871
393066
393764
393822
393918
394217
394408
394692
394713
394810
395209
395232
395874
395894
396063
396480
396638
396808
396831
396848
396982
397093
397176
397262
397607
397648
398286
398594
398695
398746
398892
399363
399489
399624
399879
399979
400367
400388
400497
400622
400631
401436
402267
402484
402529
402557
402577
403036
404952
404987
404990
405178
405553
405778
405983
407617
407755
408145
408211
408967
409470
409479
409727
409825
409839
410189
410366
410390
410951
411632
415231
415348
415355
415440
415736
415838
415991
416411
416768
416952
417033
417132
417350
417351
417411
417428
417470
417590
419227
419397
420014
420914
421427
421977
421994
422049
422162
422207
422267
422828
422911
422921
423030
423420
423966
424282
424383
424402
424406
424593
424857
425333
425486
425519
426379
427445
427604
428213
428258
428489
428882
428963
429608
429747
430166
430190
430766
430892
431050
431409
431487
432118
433072
433686
433968
434094
434615
434806
434989
435102
436284
436312
437160
437854
438630
438922
439178
440160
440601
441507
441609
441699
442275
442524
442529
442530
442813
443302
443816
444241
444412
444535
444865
445186
445267
445738
445855
445900
446453
446477
446692
446825
447086
447176
447287
447433
447605
447879
447952
448424
448519
448845
448922
448935
449016
449273
449329
449591
450524
450678
450709
451148
451942
452021
452436
453314
453323
453451
453740
454761
454963
455335
455458
455495
455506
455701
455724
456238
456685
456690
456853
456857
456916
456997
457504
457678
457791
457950
458438
458530
458534
458598
459002
459291
459351
459420
459431
459643
459858
459864
460024
460076
460229
460257
460401
460832
460833
461089
461623
461760
461801
461825
461843
461906
461975
462161
462170
462490
462583
462595
462733
462777
462924
463428
463800
464438
465366
465678
465816
466365
467559
467565
467589
467729
467886
467997
468102
468847
468890
469095
469142
469331
469457
469758
470014
470299
470582
471040
471093
471666
471770
472013
472288
484073
484425
484467
484997
485168
485447
485561
485982
486222
486334
486442
486724
487730
487992
488230
488782
488961
489013
489262
489283
489536
489978
490198
490357
490707
490924
491635
491650
491686
491992
492238
492486
492531
493068
493204
493575
494983
496029
496140
496391
496522
497359
497410
497602
497696
498148
498551
498645
498735
498893
499082
499158
500057
500147
500159
500362
500407
501331
501448
501532
501976
502527
502696
502798
502861
503193
503263
503332
503342
503433
503542
503675
503688
503779
503880
504241
504709
504862
505150
505163
505193
505297
505450
505554
505607
506036
506055
506073
506521
506574
506780
506881
507024
507331
507451
507511
508075
508237
508258
508366
508525
508627
508859
509110
509431
509746
509825
509929
510201
510323
510934
510952
510956
510989
511117
511281
511607
512002
512272
512347
512399
512710
513026
513398
513423
514163
514177
514245
514246
514264
514273
514366
514465
514490
514559
514702
514731
514851
515138
515263
516019
516099
516246
516694
516695
516707
516802
517094
517657
517720
517771
517777
517912
518479
518494
518650
518745
519377
519482
519506
519608
519770
520324
520379
520820
520853
522287
522451
522722
522917
523115
523205
523373
523499
523960
523984
524166
524351
524377
524523
524547
524550
524557
524596
524704
524785
525388
525907
526012
526311
528102
528114
528153
528252
528497
528498
529077
529180
529296
529582
530061
530154
530394
530494
530523
530778
530814
531028
531033
531048
531195
531751
531814
531918
531946
531953
531967
531989
532000
532003
532287
532293
532511
532884
533261
533726
533833
534536
534618
534755
535316
535642
535682
535766
536822
537677
537839
537845
537858
538514
538784
538877
538878
538920
538944
539053
539146
539353
539419
539441
539522
539524
539652
539975
540057
540073
540156
540549
540603
540668
541447
541969
542014
542131
542200
542293
542308
542637
542954
543067
543099
543103
543104
543105
543170
543194
543237
543250
543296
543343
543490
543512
543712
543756
544009
544304
544361
545026
545086
545092
545223
545352
545654
545885
546410
546674
547458
547637
547903
548018
548133
548204
548477
548654
549001
549157
549323
549349
549427
549825
550026
550062
550306
550347
550400
550553
550738
550960
551032
551089
551901
552473
552814
553360
553376
553379
553392
553480
553521
553769
554029
554196
554502
554571
554884
554972
554974
555015
555166
555691
556042
556159
556240
557026
557275
557920
559763
559811
559938
560156
560201
560210
560264
560285
560417
560471
560828
561231
561296
562463
562685
562775
562799
563006
563138
563766
563792
564851
565631
565687
565724
565886
565916
566519
566594
566822
566943
566962
567062
567193
567252
567353
568041
568783
568787
569963
570422
571276
571582
571756
571765
572041
572059
572314
572441
572450
572786
572814
572982
572997
573199
573325
573441
573648
574034
574769
574857
575375
575485
575654
575842
576182
576464
576821
577306
578723
578943
579112
579487
579663
579695
580104
580110
580212
580229
580504
580888
581745
581760
582187
582214
582303
582510
582893
582986
583112
583304
583430
583447
583675
584485
584870
585070
585612
586085
586112
586115
586163
586588
586596
586934
587344
587888
588023
588360
588502
588574
588774
588968
589176
589213
589288
589719
590177
590474
590592
590944
591060
591128
591148
591475
591652
591656
591766
591807
591826
592000
592084
592363
592732
593110
593365
594030
594688
594795
594901
595337
596360
597435
597635
597989
598043
598115
598414
598821
598914
598922
598932
598936
598977
599034
599163
599181
599205
599268
599274
599285
599412
599776
599973
600045
600233
600288
600305
600311
600323
600374
600672
600714
600731
600915
600963
601208
601322
602133
602432
602445
602448
602469
602496
602680
602878
603039
603340
603396
603807
603892
604049
604069
604227
604367
604715
604758
604788
604877
604903
604929
605026
605043
605100
605353
605589
605591
605998
606285
606300
606367
606382
606447
606612
606625
606841
606958
607024
607128
607262
607271
607298
607387
607391
607434
607442
607458
607508
607523
607636
607672
607746
607750
607795
607808
607839
607843
607973
608096
608110
608158
608227
608256
608281
608367
608407
608420
608501
608521
608983
609527
609746
610092
610863
611105
611152
611431
611452
611521
611557
611653
611749
611869
612053
612054
612184
612338
612341
612397
612442
612549
612558
612904
612937
613020
613050
613192
613229
613237
613531
613648
613662
613750
613909
614053
614062
614089
614123
614239
614320
614575
614662
614812
614843
614862
614931
615291
615313
615410
615442
615454
615463
615498
615575
615669
616034
616056
616233
616390
616396
616678
617134
617155
617185
617282
617312
617313
617336
617528
617529
617649
617671
617835
617872
617886
617888
617904
618094
618902
619438
619528
619852
619858
619880
620018
620052
620116
620127
620576
620650
620870
621165
621191
621470
621797
621972
622052
622163
622424
623061
623290
623291
624069
625114
625230
625768
625848
626814
626818
626826
627030
627169
627266
627385
627813
627942
627948
628044
628180
628897
629178
629316
629422
629482
629557
629566
630221
630959
631955
632330
632414
632927
633213
633240
633350
633390
633794
634529
634727
634739
634896
635390
635405
635420
635592
635927
636245
636335
636720
637470
637486
637657
637665
637795
637876
638048
638196
638343
638472
638604
638901
639061
639440
639455
639500
639775
639826
640108
640451
640506
640664
640807
640849
640893
641241
641256
641671
641754
642579
643789
643946
644170
644183
644226
644274
644364
644400
644536
644641
644859
644889
644934
645000
645288
645479
645498
645845
645969
646023
646230
646268
646407
646464
646775
646969
647016
649585
649682
649755
649823
650669
650992
651068
653566
653906
654244
655027
655558
656021
656275
656822
656868
656961
656983
657010
657520
658031
658862
659565
660307
660664
660934
661320
661546
661952
661953
661968
662083
662277
662983
663281
663395
663564
663684
663706
663794
664449
664541
664705
664815
665401
665643
665668
666484
666637
666639
667280
667630
668010
668216
668873
668970
669075
669077
669185
669408
669761
669845
670061
670200
670580
670803
671597
672584
672827
672859
673380
674293
674425
674560
674607
674716
675399
675477
675681
675754
675803
675820
675872
675901
676193
676242
676406
676590
676646
676680
676905
677477
677552
677705
677706
677961
678059
678170
678323
678527
678600
678665
678791
679917
679959
680001
680298
680514
681152
681525
681561
681587
681606
681747
682101
682343
682605
682752
683365
683408
683446
683647
683733
683969
684066
684288
684301
684334
684508
684514
684785
685325
685607
686023
686917
688289
688400
689967
690183
690593
690743
690933
691520
691788
691911
691989
692064
692082
692169
692310
692358
692808
693238
693760
693792
693951
694098
694254
695370
695523
695701
695857
695968
695983
696286
696586
697470
697728
697824
697926
697940
698125
698245
698246
698280
698283
698322
698725
698917
699469
700600
700674
701586
702870
702873
702874
702971
702981
702987
703571
703802
704281
705275
706145
706322
706397
706457
706484
706547
706853
707089
707488
707578
707627
707639
707903
707913
708347
708349
708426
708500
708504
708506
708569
708604
708607
708614
708644
708695
708696
708844
708946
708970
709084
709162
709202
709326
709489
709740
709925
710385
710892
710983
711001
711064
711089
711316
711879
711984
712034
712375
712489
713362
713502
713519
713591
713821
713874
714056
714105
715639
716285
716360
716807
716812
716861
717010
717041
717315
717388
717444
717536
717538
717742
717822
717843
717902
717951
718314
718316
718404
718427
718523
718527
718540
718677
718679
718729
718866
719495
719589
720361
720758
721009
721180
721207
721243
721305
721347
721387
721412
721486
721487
721621
721980
722092
722317
722460
722689
722943
723126
723342
723399
724020
724217
724283
724590
724770
724771
724788
725596
725736
725757
725966
726114
726383
726713
726859
726915
726974
727098
727467
727488
727539
727776
727794
727815
727818
727921
728049
