16112
16184
16586
16721
16724
16958
17165
17243
17343
17438
17550
17589
17617
17657
17669
17685
17759
18019
18787
18838
19306
19354
19419
19524
19604
20120
21360
21820
21905
21982
22021
22090
22397
22700
22855
23134
23219
23439
23613
23657
23823
23875
23987
24116
24221
24599
24641
24680
24857
24871
24910
25077
25137
25196
25369
25410
25651
25935
26041
26183
26963
27863
28173
28792
28889
29813
29951
29984
30398
30470
30527
31088
31388
31678
32093
32265
32330
33359
33711
33762
33948
34134
34412
34432
34467
34567
34608
34630
34717
34917
35061
35169
35196
35280
35508
35542
35805
36063
36531
36738
36744
36996
37062
37468
37581
37632
38156
38326
38344
38446
38637
38673
38738
38920
39282
39421
39499
39817
40008
40430
40528
40627
40918
41056
41218
42296
42499
42611
42639
42721
42804
42814
42842
43099
43100
43141
43148
43311
43322
43498
43561
43576
43654
43749
44535
45049
45224
45410
45693
46250
46814
46970
47000
47294
47308
47516
47837
47964
48511
48523
48550
49150
49174
49293
49356
49577
49631
49715
50094
50710
50745
51082
51201
51548
51708
51986
52325
52327
52596
52645
52709
52850
52856
53897
54090
54362
54668
54722
54965
55310
55359
55631
55783
55790
55822
55838
55899
55900
55925
55969
56025
56069
56462
56665
56917
57439
58114
58181
58281
58511
58553
58685
58697
58742
59318
59378
60050
60311
60473
60608
60629
60974
61007
61570
61731
61741
62457
62725
63174
63184
63531
63687
64357
64611
64800
64820
64851
64966
64994
65000
65061
65224
65227
65512
65527
65618
65630
65647
65648
65652
65688
65803
66462
66492
66837
66855
66892
66910
66955
66987
67066
67101
67140
67417
67731
68923
69696
69775
69824
69857
69925
70189
70533
70597
70669
70909
71614
71623
71660
72122
73308
73791
74143
75232
75447
75588
75987
76137
76429
76810
76856
77006
77028
77029
77065
77353
77407
77413
77473
77543
78023
78037
78106
78115
78242
78245
78360
78364
79050
79085
79205
79238
79763
79834
80071
80156
80329
81575
81723
82092
82362
82767
83675
84424
84484
84982
85081
85192
85225
85288
85336
85706
85712
85723
85777
85801
85831
85954
85958
85971
86022
86037
86054
86183
86282
86400
86514
86730
87215
87310
87864
88013
88100
89430
89883
89975
89998
90251
90277
90644
90834
90905
91563
91989
92116
92521
92908
93046
93328
93790
93892
94390
95222
95495
95510
95692
95727
95765
96406
102898
103068
103428
104038
104075
104403
104411
104767
104785
104863
104914
105047
105280
105316
105629
105727
105728
105771
105838
106090
106097
106103
106135
106177
106295
106712
106737
106786
107486
107540
107561
107564
107731
107916
108948
109626
109806
109878
109914
110232
110421
110465
110556
110628
110712
110734
110852
110867
110882
110961
111216
111448
112869
112908
113233
113312
113719
113960
114050
114676
114732
115011
115028
115064
115793
115895
116041
116459
116892
116973
117055
117101
117410
117717
117867
117901
118233
118803
118875
119209
119218
119295
119414
119721
119890
119900
120092
120282
120476
120530
120704
121001
121002
121106
121220
121289
121562
121703
121799
121807
121889
121988
122135
122172
122216
122217
122278
122436
122496
122564
122677
122717
123158
123613
123680
123719
123919
124172
124290
124370
124433
124691
124790
124873
124892
125180
125603
125661
125872
125950
126009
126305
126359
126393
126707
127143
127238
127240
127270
127345
127464
127822
128152
128224
128256
128407
128629
129564
129594
129702
129768
129834
129846
129975
130617
130851
131042
131438
131766
131782
131794
131840
131946
132161
132228
132251
132297
132374
132432
132585
132696
132708
132840
132846
132925
132929
133521
133596
133716
133722
133815
134006
134681
134901
134952
134964
135072
135252
135270
135414
135439
135441
135494
135582
135599
135687
135755
135855
135949
136144
136249
136597
136798
137123
137224
137227
137398
137496
137643
137715
137796
137801
137862
137884
137886
138027
138040
138041
138047
138067
138071
138090
138112
138120
138126
138141
138155
138167
138168
138175
138189
138190
138269
138270
138281
138284
138289
138357
138404
138514
138519
138522
138533
138609
138615
138630
138636
138665
138677
138689
138693
138698
138702
138712
138751
138757
138797
138802
138821
138825
138867
138888
138891
138978
138981
139008
139009
139041
139050
139119
139206
139218
139254
139332
139383
139398
139527
139563
139569
139581
139602
139614
139630
139774
139830
139832
139835
139851
139875
139897
139930
139971
140010
140034
140088
140115
140190
140230
140238
140385
140391
140393
140410
140432
140444
140470
140504
140527
140538
140549
140765
140787
140811
140864
140970
141075
141396
141468
141675
141714
141865
142083
142341
142446
142612
142629
142663
142756
142839
142854
142864
142899
143163
143172
143193
143202
143292
143403
143460
143466
143709
144169
144192
144227
144301
144313
144349
144391
144436
144490
144547
144565
144587
144778
144936
144963
145069
145188
145205
145206
145312
145332
145376
145554
145578
145668
145848
146289
146337
146493
146563
146766
146829
146890
147085
147100
147322
147466
147978
148161
148327
148460
148607
148787
148865
148874
151307
151701
151775
152100
152355
152633
152936
153782
153810
153854
153911
154539
154853
154980
155065
155258
155435
156284
156560
156907
157126
157851
158217
158478
159407
159577
159636
159822
160055
160170
160630
160818
161474
161912
162611
163370
163469
163817
163952
164237
164315
164500
165064
165259
165261
165408
165693
165717
165771
166733
166959
167536
167797
167850
168436
168676
168745
169090
169413
169509
169528
169539
169663
169711
169773
169984
169998
170087
170401
170509
170870
171365
173272
173485
173725
173830
174664
174682
176374
176494
176530
176637
176676
177831
178052
178095
179264
179985
180219
180367
181514
181565
181922
182303
182393
182678
183309
183798
183855
184146
184149
184332
184440
184872
185516
185936
186142
186475
186775
187346
187434
187769
187782
187803
187821
187910
187984
188016
188308
188707
189046
189406
189892
189991
190048
190219
190324
190540
191177
191566
191916
191917
192676
192780
193106
193276
193628
194104
194143
194212
194225
194260
194290
194299
194419
194420
194499
194656
194716
194725
194758
194825
194833
194857
194860
195019
195031
195034
195046
195091
195206
195994
196822
196834
197707
198207
198574
198636
198709
198937
199432
199485
199537
199979
200014
200066
200172
200718
201039
201183
201411
201441
201465
201732
201876
201918
201945
201993
202195
202301
202313
202644
202649
202654
202666
202874
203210
203300
203324
203534
203687
203784
204260
204288
204449
204668
204770
204836
204840
204860
204896
204995
205814
206552
206709
206756
206786
206853
207121
207879
208358
208912
208952
209095
209155
209853
209884
209994
210033
210155
210240
210544
210679
210775
210877
211003
211162
211765
212052
212326
212353
212371
212449
212569
212601
212716
213061
213180
213270
213693
213814
214011
214037
214535
214622
214732
214803
214843
214909
215105
215120
215166
215180
215804
215887
216647
216919
217872
218071
218774
218936
219260
219410
219422
220210
220228
220323
220440
220597
220655
220693
220811
220817
220827
221603
221973
222506
222696
222978
223150
223210
223243
223453
223491
223531
223567
223662
223792
223849
223888
223912
223969
223986
224038
224132
224263
224275
224570
224628
224940
225417
225567
226011
226012
226015
226094
226134
226164
226629
228428
228513
228789
230095
230293
230322
230464
230542
230706
230897
230901
230938
231084
231369
231474
231538
231593
232086
232094
232190
232472
232598
232625
233054
233132
233293
233757
233879
235351
235423
235424
235706
236629
236860
237160
237307
237756
237804
237805
238024
238178
238825
238830
238927
239023
239581
239950
239987
240009
240414
240546
240587
240624
240753
240783
240840
240933
241136
241273
241423
242204
242246
242307
242444
242475
243226
243530
244185
245040
245109
246051
246155
246306
246333
246378
246481
246824
246942
247045
247053
247144
247212
247235
247374
247381
247425
247432
248207
248227
248236
248282
248423
249065
249569
249902
249969
250008
250012
250019
250031
250148
250382
250619
250720
251149
251257
251477
251609
253645
254039
254149
254281
254565
254678
254807
255178
255189
255215
255432
255895
256217
256789
257055
257067
257459
257568
257904
258099
258253
258392
258474
258678
258894
258967
258971
259059
259149
259408
259650
260234
261047
261617
261794
261806
261812
262159
262244
262265
262310
262766
262913
263315
263433
263848
264142
264607
265388
267222
267429
267621
268664
269553
269711
270074
270547
270838
270970
271656
271707
271772
271921
272027
272905
272956
273091
273306
274328
274637
274650
274676
274838
274853
274886
275189
275396
276318
277497
277923
277953
278273
278278
278625
278691
278757
279624
279865
279881
280091
280119
280224
280509
280587
280848
280977
281038
281049
281055
281316
281521
281601
282868
282964
283235
283319
283381
283514
283571
283728
283835
283982
284035
284646
284715
285543
285916
286055
286433
286688
288021
288146
288447
288573
288680
288926
289129
289222
289345
289409
289457
289633
289984
289995
290102
290121
291511
291665
291803
293224
294319
294334
294505
295990
296290
296658
296860
296926
296932
297016
297310
297316
297636
297638
297710
298057
298403
298424
298431
298878
299288
299384
299396
299444
299515
299584
299925
300251
300422
300754
301653
302073
302316
302346
302598
302623
302640
303479
303486
303507
303908
304073
304355
304361
304445
304801
305009
305208
305568
305712
305919
306047
306090
306487
307073
307285
307566
307749
307902
307944
308517
308641
308667
308680
308764
308856
308922
308990
309027
309506
309659
309950
310016
310161
310319
310539
310608
310677
310678
310900
310903
311118
311231
311271
311655
312291
312312
312360
313500
314001
314331
314373
314409
314511
314700
314709
314976
315076
315645
315726
315771
315807
315867
315912
316032
316589
316842
317588
317754
317914
318003
318033
318393
318776
320007
320277
320457
321608
321821
322059
322063
322552
322790
322794
322930
322936
322952
323014
323309
323415
323606
323774
323947
324029
325421
325454
325628
326003
326012
326099
327428
327455
327681
328646
328880
329033
329212
329618
330165
330466
330503
330559
331023
331067
331139
331278
331500
331514
331521
331522
331587
331752
332838
333784
335002
335123
335153
335194
335195
335320
335764
336109
336617
336630
336657
336749
336812
336818
337537
337732
337795
338041
338476
338828
339926
340306
340357
341291
341465
341482
342049
342370
342387
342435
342494
342839
342923
342965
343067
343155
343176
343246
343600
344329
345061
345211
345824
346250
346254
346875
347308
347518
347748
347930
348501
348550
348734
348745
348755
348777
348794
348835
348847
348849
348867
348874
348895
348937
348956
349001
349064
349111
349259
349351
349357
349601
349976
350114
350252
350351
350455
350657
350727
350783
350837
350864
350966
351152
351233
351720
351782
351898
351899
352022
352081
352180
352437
352539
352808
353151
353234
353764
353788
354254
354851
355016
355031
355533
355617
355851
356004
356061
356062
356310
356343
356443
356473
358013
358109
358462
358732
358847
359507
360000
360024
361149
361551
361923
362100
362807
362878
363010
363238
363258
363303
363378
363390
363396
363420
363504
364207
364317
364322
364561
364611
364919
364967
365005
365317
365949
365950
365984
366070
366310
366434
366439
366552
366907
366929
367316
367380
367499
367901
368937
368965
368998
369514
369528
370178
371583
371665
371715
371862
372107
372155
372366
372442
372715
373333
373655
373742
373917
373936
374065
374471
374533
374712
374730
374787
375027
375075
375110
375301
375782
376161
376253
376289
376346
376529
376643
376658
376874
377627
377969
378062
379036
379132
380699
380819
381140
381243
381267
381279
381299
381623
381662
381762
382268
382312
382577
382763
383033
383280
383618
384031
384238
384325
386006
386350
386540
387050
387524
387532
387811
387874
387967
388507
389011
389323
389396
389635
389671
389817
389873
390089
390137
390263
390506
390614
390716
390840
390845
391235
391599
391772
391871
391961
391970
392128
392225
392346
392589
392754
392820
393022
393101
393110
393899
393905
393915
394277
394329
394625
395047
395201
395587
396226
396260
396272
396424
396664
396880
396952
396967
397036
397207
397399
397417
397432
397508
397509
397597
397680
397732
397733
397787
397797
398221
398280
398341
398440
398505
398693
398822
398918
399107
399176
399245
399401
400049
400336
400409
400694
400731
401090
401174
401366
401376
401430
401498
401952
402265
402281
402308
402321
402413
402455
402461
402732
402968
403014
403294
403701
403835
404467
404610
404620
404818
405594
405652
405779
405806
405841
406190
406293
406337
406495
407734
407806
407884
408238
408508
408833
409055
410563
410737
410953
411040
411493
411928
411964
412320
412401
412559
412609
412736
413550
413553
414772
414979
415818
416259
416450
417025
417084
417405
417610
418012
418494
418542
418571
418804
418811
418814
418818
418866
419074
419202
419224
419643
419861
420156
420283
420490
420851
421114
421209
421210
421317
421353
421359
421393
421532
421548
421631
421666
421772
421838
421898
422081
422171
422309
422693
422978
423035
423980
424121
424217
424220
424297
424396
425258
425480
425774
425948
426007
426413
426428
426473
426877
427709
427909
428364
428493
428582
428659
428672
428703
428844
429060
429269
429408
429495
429940
430032
430108
430248
430278
430349
430455
430741
431214
431301
431586
431643
431961
432036
432357
432822
433041
433080
433269
433278
434004
434152
434205
434322
434504
434619
434692
434839
435037
435326
436540
437003
437370
437395
437551
437589
437591
437885
437918
437945
438155
438531
438535
438565
438570
438717
439125
439647
439683
440295
440313
440595
441038
441185
441200
441233
441327
441332
441435
441474
441615
441915
441939
442265
442648
442653
442660
442716
442767
442838
442846
442912
442931
442970
443148
443919
443920
444025
444089
444709
444798
444935
445095
445584
445676
445698
446076
447299
447433
448119
448136
448411
448642
448652
448900
449333
449371
449451
449452
449542
449596
449677
449850
450291
450512
450623
450639
451091
451255
451734
451746
451909
452114
452629
453148
453168
453259
453313
453622
453664
454094
454372
454997
455035
455626
455686
455959
455969
456009
456336
456352
456413
456532
456801
456951
457180
457263
457420
458894
459023
459302
459488
459918
459920
460238
460325
460919
460957
461002
461244
461267
461419
461774
461930
461940
461994
462303
462327
462632
462723
462788
462821
462839
462851
462893
462944
463132
463133
463302
463325
464000
464558
464753
465288
465620
465625
465704
466480
466519
466878
467673
468180
468242
468483
468594
468687
468807
468840
468900
469321
469560
469625
469673
469786
469912
469916
470837
470950
471115
471235
471595
471864
471877
471885
471932
472311
472393
472417
472713
473214
473321
473357
473375
473389
473507
473512
473894
474581
474591
474779
474885
474941
475038
475057
475117
475138
475202
475424
475536
475730
476219
476473
476497
476888
477265
477287
477307
477349
477523
477610
477622
478042
478357
478830
479395
479740
480070
480622
480652
480667
480739
480849
481383
481402
481534
481545
481654
481661
482145
482230
482295
482557
483985
484190
484734
485076
485154
485221
485531
485657
485870
486008
487292
487630
487892
487955
488208
488587
488653
488724
488736
488759
488794
488796
488975
489386
489397
489606
489759
489765
489976
490059
490118
490120
490124
490128
490190
490203
490267
490408
490815
490841
491219
491255
491452
491913
492185
492190
492410
492422
492841
493300
493715
493770
494596
494598
494660
494759
494769
494777
494887
494926
495060
495129
495346
495494
495923
495974
496155
496455
496505
496736
496825
496850
496900
497401
497481
497545
497603
497780
498128
498131
498149
498188
498627
498724
498924
499579
499607
500187
500595
500597
500939
501088
501280
501440
501590
501730
501870
502729
502885
503608
503612
503615
503683
503888
504155
504614
504737
504830
507505
507568
507597
507735
508094
508222
508306
508321
508507
508524
508617
509415
510358
510523
510648
511331
512285
512526
513106
514927
515758
515908
516282
516539
517548
517695
517797
517809
517849
518147
518357
518771
525484
525750
525761
525769
525827
525866
526433
526616
526756
526920
527042
527087
527731
528506
528563
528971
528992
529073
529112
529118
529155
529514
529520
529673
530418
530605
531012
532220
533039
533180
533381
534077
534078
534766
534831
535040
535131
535284
535410
535580
535584
535827
535870
535981
536463
536661
536751
536763
537950
538119
538129
539950
540188
540229
540526
540589
541892
542236
542386
542408
542496
542576
542726
542798
543724
544060
544459
545141
545565
545862
545903
546137
546237
546253
546460
546519
546659
546700
547197
547202
547211
547212
547250
547272
547408
547614
547745
548510
548764
548771
549448
549924
550172
551027
552403
552429
553254
553403
554067
554844
555848
556862
556914
556974
557053
557437
557535
557625
557859
558085
558243
558343
559152
559393
559455
559524
560365
560367
560823
560870
560881
560940
561056
561180
561328
561352
568095
568442
568488
569485
569590
570645
572543
572596
572600
572607
573939
574027
574033
574042
574160
574318
574396
574466
574536
574682
574790
575011
576054
576124
577134
577250
577408
577433
578078
578222
578264
578294
578366
578399
578628
579033
579133
579774
579789
580005
580123
580128
580197
580621
580971
581466
581681
581882
581935
582726
582846
583035
583236
583727
583836
583844
584121
584186
584389
584551
584661
585303
585550
585828
586211
586230
586251
586365
586448
586773
587752
587957
587965
588191
588272
588302
588503
588509
588587
588614
588959
589058
589211
589219
589327
589342
589451
589805
590158
590240
590342
590482
591090
591091
591104
591114
591189
591328
591594
591640
591997
592327
592912
593099
593117
593322
594246
594705
595515
595665
595721
595772
596172
596175
596826
597333
597462
597474
597776
597807
597964
597983
598013
598059
599210
599314
599736
599866
599870
600614
600852
600876
601869
602155
602280
602521
602839
603860
603890
606080
606094
606283
606892
606972
607149
607455
607545
607599
607680
607882
607902
607959
608124
608183
608964
609213
609517
609590
609611
609697
610460
610686
610924
610951
612465
612917
613156
613183
613272
613350
613374
613397
613403
614264
614395
614496
614723
614760
615417
615696
616158
616445
616492
616622
616663
616739
616975
617390
617487
617540
617933
618073
618287
618448
618509
619325
619714
619930
620041
620345
621012
621098
621247
621528
622084
622662
623096
623557
624635
624859
625278
625761
625904
626648
626702
626804
627124
627225
627371
627373
627430
627558
627710
627908
628148
628615
628616
629280
629299
629853
630899
631321
631772
631931
631936
632944
633306
634539
635049
635247
635334
635347
635359
635450
635687
635805
635840
635960
636137
636275
636460
636563
636688
636749
636948
637039
637360
637450
638010
638321
638992
639068
639069
639881
640136
640247
640393
641607
642423
642424
642812
643037
643121
643151
643428
643436
643585
643599
643797
643842
643929
643986
644010
644061
644062
644580
644608
645334
645610
646339
646450
646471
646526
646551
646786
647100
647126
647181
649012
650114
650269
650441
650666
650816
650873
651281
651680
651930
651964
653001
653115
653354
653365
653791
653800
654166
654203
654490
654799
654862
655026
655873
655912
656134
656366
656566
656674
656734
656839
657220
657835
658012
658252
658267
658552
658590
658752
658765
659386
659398
659869
660715
660720
660793
661014
661117
661887
661981
662398
662522
663070
663092
663416
663970
663997
664058
664095
664499
664638
664650
664748
664887
665503
665506
665577
665847
665899
666127
666697
667485
668185
668237
669093
669132
669273
670017
670173
670266
671522
671660
671826
672334
672679
672756
672773
673268
673486
673496
673518
673610
673678
673700
673832
674108
674132
674165
674180
674309
674338
674483
674690
674892
674949
674958
675224
675270
675306
675462
675522
675567
675781
675845
675859
676085
676173
676470
676652
676731
676905
677203
677207
677352
677422
677438
677530
677581
677609
677702
677730
677807
677903
677958
677964
677985
678027
678108
678144
678306
678759
678891
679168
679220
679227
679239
679461
679554
679560
679605
679917
679995
680022
680095
680172
680268
680376
680435
680684
681087
681117
681186
681639
681720
682144
682518
682590
682623
682898
683057
683106
683187
683297
683616
683679
683790
684041
684569
685203
685968
686916
687495
687823
687913
688060
688332
688466
689683
689743
689914
689969
690061
690677
690707
690896
691429
691471
691593
691748
692051
692387
692624
692641
693046
693748
694134
694183
694294
694785
695415
695927
695942
696044
696344
696950
697059
697383
697404
697427
697660
697791
697900
697917
698238
698660
699152
700262
700307
700328
700610
700613
702035
702404
702483
702515
703043
703250
703258
703267
703309
703454
703460
703668
703902
703917
703938
704007
704691
704694
704844
704856
705045
705111
705627
706542
706586
706714
706775
706990
707029
707316
707540
708694
708708
708792
708963
709059
709062
709245
709248
709593
710347
710466
710649
710751
710913
711012
711470
711643
712028
712211
712361
712520
712550
712844
712954
713219
713226
713292
713326
713366
713401
713514
713654
713717
713741
713783
715430
715972
716065
716448
716700
717080
717110
717305
717507
717758
717819
718484
719073
719099
719272
719281
721369
721750
721777
721786
721833
722036
722345
722822
722930
723140
723349
723407
724045
724486
724531
724595
724650
724796
724838
724916
724980
725005
725147
725181
725230
725251
725267
725295
725458
725512
725636
725809
725867
725883
725905
726052
726111
726114
727407
727558
727584
727650
727676
727716
727725
727765
727814
727930
727944
727970
727988
728182
728185
728207
728255
729083
729315
729668
730079
730652
730660
731058
731064
731080
731108
731177
731231
731247
731318
731489
731562
731735
731846
732182
732476
732533
732590
732677
732887
732888
732983
734039
734073
734116
734220
734279
734387
734395
734440
734557
735757
735759
736619
736660
737054
737192
737202
737792
737804
738850
738881
738940
739020
739109
739135
739168
739169
739357
739568
739640
739668
739738
740980
740985
741144
741249
741976
742014
742015
742112
742176
742544
742656
742676
742699
742721
742733
742739
742767
742802
742817
742838
742941
743160
743251
743682
744341
744598
744722
744819
744841
744847
745134
745170
745284
745316
745476
745525
746496
747209
747250
747258
747794
747833
747858
748598
748640
749934
750670
752783
754526
754557
754568
754579
754581
754582
754622
754667
754857
754875
756668
756910
756919
756952
756985
757068
757420
757912
758192
758257
758819
758938
759005
759022
759078
759083
759107
759120
759134
759188
759480
759591
759743
759988
760061
760229
760237
760307
760389
760445
760949
761171
761301
761972
762153
762280
762368
762591
762860
763059
763389
763402
763583
763816
763884
764090
764266
764311
764314
764330
764413
764419
764481
764495
764697
764938
765005
765169
765293
766253
766454
766814
767015
767488
767534
768661
769025
769401
769599
769715
769803
770095
770427
770542
770786
771453
771541
771550
771701
776401
776737
777818
778007
778196
778454
778455
778682
778833
778893
779454
779510
779914
780402
780598
780720
781113
781201
781274
