1073
1137
1171
1314
1365
1557
1761
1863
1893
2081
2098
2100
2232
2892
3115
3292
3598
3780
3835
3891
3927
4099
4261
4281
4323
4333
4349
4352
4356
4365
4396
4397
4399
4416
4442
4458
4535
4578
4590
4591
4671
4682
4789
4809
4815
4834
4851
4859
4951
4970
4971
4980
4985
4993
5007
5008
5025
5028
5030
5032
5108
5128
5130
5150
5165
5189
5204
5209
8794
8835
8880
8937
9118
9989
10063
10077
10456
10527
10569
12178
12247
12853
13299
13652
13749
14086
14630
15437
15518
15848
16217
16377
16509
16561
16596
16686
16932
17017
17018
17097
17240
17428
17479
17503
17514
17742
17774
17843
17959
17982
18008
18259
18271
18426
18596
18688
18690
18693
18901
19051
19127
19165
19189
19194
19206
19265
20130
20193
20238
20428
20789
21337
21409
21534
21537
21543
21664
22192
22195
22247
22405
22900
23143
23248
23297
23450
23509
23516
23854
25606
25736
27788
27874
28096
28114
28170
28288
28932
29286
29318
29477
29562
29706
29745
29753
29844
30012
30033
30090
30102
30161
30624
30743
31472
31899
32065
32524
32613
32862
32898
32979
33744
33807
33815
33860
33877
33937
34427
34555
34789
35545
35709
35718
35993
36550
36979
37087
37094
38407
38508
38616
38813
38820
38837
38993
39526
39634
40138
40405
40408
40619
41035
41174
41253
41255
41417
41491
41497
41833
42016
42433
42510
42565
42650
42910
43336
45398
45694
45804
45813
46743
46914
47185
47187
47196
47220
47302
47512
47568
47688
47898
48191
48262
48338
48448
51252
51330
51615
51819
52204
52326
52569
52587
53097
53331
53606
53732
53982
54056
54122
54240
54455
54483
54512
54618
54723
54732
54738
54816
54821
54876
54933
55263
55761
55850
55852
55893
55945
56100
56133
56168
56405
56473
56682
57351
57465
57522
57579
58440
58485
58966
59333
59802
60243
60250
60312
60417
60660
60731
61065
61434
61566
61573
61756
61937
62065
62547
62979
63054
63099
63892
64023
64092
64358
64365
64392
65062
65241
65331
65356
65487
65498
65504
65619
65766
65790
65823
66158
66310
66369
66501
66504
66659
66680
67355
67624
67752
68067
68076
68126
68176
68482
68683
68875
69172
69249
69424
69455
70277
70353
70804
70828
70995
71083
71095
71125
71236
71455
71649
71650
71798
72406
74047
74148
74303
74420
74547
74566
74612
74670
74686
74831
74942
75107
75154
75752
76021
76198
76241
76563
76672
77025
77052
78273
78645
79697
79796
79943
80096
80339
80909
81196
81825
82159
82287
82376
82634
83118
83355
83613
83730
84425
84460
84476
84582
84714
84838
84923
84969
85337
85364
85757
85871
86411
86585
86645
87051
87392
87712
88598
88968
89597
89786
90417
90592
91429
91912
91913
92423
92586
92652
92868
93435
93541
93809
94001
94415
94647
94727
94874
94998
95029
95342
95514
95542
95547
95609
95670
95714
95789
95884
95935
96189
96562
96699
96729
96767
96932
96993
97164
97169
97270
97485
97642
98010
98148
99020
99326
99508
100009
100015
100030
100904
100918
100984
101140
102338
102386
103047
103410
103541
103942
104148
104502
104775
104993
106068
106152
106248
106314
106419
106704
106716
107771
107814
108124
108376
108556
109504
109880
110293
110628
110713
110718
110730
110756
110769
111678
111703
111770
111789
111809
111969
111999
112033
112117
112207
112383
113021
113210
113411
113605
114332
114609
114793
114840
114918
115026
115172
115361
115395
115398
115476
115528
115734
115747
115794
115795
115815
116412
116772
116827
117308
117486
117627
118011
118553
118820
118901
119099
119183
119456
119894
120641
121103
121291
121391
121697
121802
121931
121932
122088
122130
122191
122377
122382
122391
122538
122595
122672
122853
122876
123192
124046
124322
124535
125003
125066
125951
125966
126683
126761
126869
127083
127595
127892
127948
127981
128179
128483
128648
128670
128732
129077
129080
130110
130111
130449
130478
131269
131292
131684
132247
132379
132609
132676
132947
133004
133213
133278
133939
134263
134584
135167
135494
135724
136069
136222
136555
136591
136861
137017
137363
137665
137677
137888
138568
138791
138845
140116
140237
140806
141046
141286
141331
141481
142243
142456
142656
142773
142867
142926
143054
143073
143126
143451
144160
144296
144370
144469
144716
144744
144948
145491
145492
145848
146655
146946
147189
147324
147421
147510
147531
147539
147916
148067
148092
148152
148595
148796
148812
148894
148947
149019
149142
149279
149421
149605
149673
150894
150933
151322
151433
151571
151778
151811
152066
153026
153220
153302
153368
153602
153884
153920
154145
154199
154324
154381
154571
154863
154957
154996
155278
155413
155494
155634
155674
155677
155883
155922
156097
156212
156333
156450
156654
156857
156917
156996
157340
157515
157585
157593
157594
157713
157735
157822
158391
158428
158434
158457
158562
159644
159732
159837
159987
160076
160388
160700
161819
162012
163115
163323
163324
163558
163646
164106
164428
164966
165175
165212
165317
165778
165780
165842
165866
166257
166555
166575
167078
167099
168156
168178
168663
168738
168780
169165
169257
169593
169843
170208
170222
171465
171481
171520
171569
171788
172032
172132
172231
172255
172548
172558
172662
172682
172986
174175
174386
174410
174423
174710
175098
175645
175647
175741
175991
176439
176712
176760
176805
176822
176963
177012
177085
177135
177201
177479
177613
177619
177936
178179
178256
178362
178402
178406
178593
178856
178893
179733
179772
179784
180039
180195
180276
180319
180506
180580
180628
180656
180864
181218
181732
182104
182122
182324
182365
182454
182551
182657
183128
183218
183325
183337
183481
183679
184018
184536
184717
184718
184747
184967
185342
185379
185383
185521
185649
185705
185791
185831
186151
186184
186237
186568
186701
186708
187006
187222
187353
187382
187519
187629
187718
187952
188069
188143
188242
188654
188705
188780
188786
188873
188953
188978
189380
189920
189992
190253
190288
190638
190664
190846
191600
191653
191779
191788
191886
192480
192572
192641
192701
192719
193017
193476
194682
194841
194880
195543
195921
196141
196451
196474
196547
196688
196715
196822
196876
197043
197057
197059
197180
197388
197802
198298
198520
198896
199120
199131
199203
199256
199882
199899
200801
200845
200875
201324
201352
201499
201788
202158
202531
202615
202641
202665
203125
204002
204055
204092
204113
204186
204202
204265
204339
204358
204569
204618
204648
204665
204717
204733
204736
204746
204760
204785
204825
204867
204881
205098
205114
205122
205126
205152
205170
205215
205307
205433
205559
206339
206645
206722
206738
206906
207071
207154
207224
207263
207422
207473
207883
208043
208340
208469
208580
208818
208875
208927
208928
209443
209571
209599
209977
210093
210122
210517
210523
210538
210910
211975
212216
212532
212554
212731
212869
213113
213964
214110
214473
214568
214914
215902
215950
216044
216966
217121
217358
217374
217399
217456
217505
217670
217727
218097
218213
218390
218468
218492
218778
218858
218900
219068
219641
220064
220412
220602
220655
220673
221356
221473
222043
222059
222171
222418
222658
223237
223275
223605
223642
223702
223756
223768
223942
223963
224029
224372
225917
226057
226061
226695
226740
226803
227172
227280
227427
227799
228543
228646
228738
228955
228966
229027
229050
229060
229399
229801
229957
230075
230572
230648
230701
231224
231876
231992
232069
232198
232205
232303
232362
232501
232606
232673
232712
232734
232885
233364
233677
234578
234801
235472
235596
235629
236356
236530
236748
237133
237601
237697
238309
238358
238364
239009
239108
239153
239696
239783
239996
240095
240884
240980
241162
241255
241536
241719
242121
242280
242979
243186
243858
244314
244800
245148
247485
247824
248010
248013
248177
248236
248647
249450
250079
250431
251742
252169
252951
253122
253692
253953
254069
254134
254139
254183
254184
254291
254318
254344
254414
254422
254507
254552
255756
256952
257045
257122
257287
257319
257331
257566
258270
258818
258958
259125
261327
261775
262482
262632
263157
263598
263801
264036
264928
265590
265936
267434
267726
267759
269232
269337
269551
269587
270374
270608
272568
272666
273125
273347
273408
273422
273503
273662
273689
273707
273899
273905
274428
274486
274522
274544
274741
274742
274754
275009
275021
275242
275322
275428
275443
275467
275482
275618
275692
275701
275734
275782
275819
276361
276433
276637
277146
277223
277283
277346
277395
277418
277478
278686
278844
278904
279137
279315
279348
279372
279396
279411
279771
279857
279983
280404
280415
280485
280915
280942
281206
281267
281269
281283
281302
281465
281553
282056
282168
282423
282627
282831
282960
283065
283231
283275
283968
283970
284118
284134
284280
284525
284582
284606
284614
285407
285848
286057
286162
286173
286590
286716
286731
286754
286789
287075
287143
287189
287244
287278
287286
287487
287492
287552
287579
287597
287623
287631
287675
287679
287685
287729
287832
287846
287932
287934
287949
288075
288085
288130
288169
289991
290465
291095
291260
291530
293092
293122
293254
293255
293303
293305
293517
294083
294227
294308
294491
294501
294509
294683
295268
295711
295907
296192
296299
296376
296630
296999
297242
297295
297392
297820
297948
298071
298168
298391
299519
300865
300904
300910
301090
301132
301210
301231
301321
301324
301525
301606
302725
303175
303497
303643
303745
303882
304012
304611
304734
305075
305653
305743
305802
306128
306207
306279
306537
307084
307148
307808
309604
310453
310596
310628
310712
310740
310869
310907
311141
311169
311315
311512
311657
311673
311699
311774
311891
312031
312427
312945
313184
313533
313815
313870
314187
314274
314287
314328
314482
314616
315200
315557
315611
315872
315938
316664
316985
317265
318305
318654
318751
318787
318831
318957
318985
319010
319020
319144
319179
319247
319258
319275
320597
320604
320614
320633
320668
320753
320760
320846
320886
320919
320980
321112
321170
321275
321284
321285
321472
321824
322208
322369
323694
323879
324306
324517
324648
324789
324920
325341
325354
325378
325562
325726
326015
326814
326953
326974
327088
327125
327130
327595
327632
327680
327683
327706
327726
327741
327873
327962
328314
328371
328424
328514
328520
328549
328866
329667
330257
330986
331760
332424
332532
332537
333182
333218
333251
333389
333536
333755
333791
334584
334633
334812
334832
334871
334897
334918
335095
335182
335193
335215
335351
335583
335674
335943
336229
336313
336375
336388
336397
336541
336967
337318
337507
337550
339168
339603
339732
340170
340382
340464
340773
340800
340808
340809
341166
341493
341785
341925
342656
343687
343768
343955
344216
344290
344348
344382
344546
345010
345315
345399
345412
345423
345433
345438
345511
345912
345961
346070
346166
346250
346253
346336
346369
347213
347278
347682
347993
348093
349065
349092
349101
349649
349844
349962
350350
350485
350649
351660
351684
351949
352433
352489
352538
352554
352605
352719
352844
352964
353028
353297
353381
353777
353846
353852
354122
354728
354898
355265
355706
356141
356663
357473
358358
358959
359147
359148
359214
359394
359833
360105
360106
360211
360287
360861
360930
360942
361011
361317
361539
361812
361818
361887
361970
362034
362077
362101
362105
362200
362576
362600
363302
363359
363542
363924
363959
363968
364007
364144
364189
364881
365788
365828
366252
366589
366829
367032
367403
367737
367918
368002
368105
368108
368385
368439
368488
368539
368576
369074
369784
370134
370393
371244
371625
372139
372211
372293
372503
372695
374507
374606
374962
375910
375933
375934
375973
376282
376409
376592
376705
377024
377257
377296
377556
377626
378346
379781
380073
380164
380314
380323
380449
380458
380492
380582
380720
380756
381029
381313
381438
381441
382108
382150
382533
382774
383186
383189
383435
383665
383867
383908
384031
384183
384244
385141
385178
385288
385879
386017
386428
386723
386851
387007
387160
387199
387205
387718
387793
388942
389082
389325
389376
389777
389955
390098
390103
390193
390358
390359
390695
390727
391024
391059
391570
391606
391624
391649
391859
391874
391892
392010
392158
392193
392337
392603
392984
392994
393116
393221
393228
393263
393563
393632
393647
393744
393752
393782
393813
393817
393940
394459
394916
394938
394982
395136
395150
395182
395259
395287
395344
395395
395404
395416
395602
395614
395677
395734
395803
395815
395825
396010
396026
396062
396170
396199
396203
396232
396397
396452
396575
396581
396647
396686
396713
396947
397091
397253
397290
397613
397692
397959
397971
398049
398606
398646
399014
399668
399782
399836
400297
401525
405571
406015
406576
407124
407652
408078
408568
408678
410159
410219
411737
411968
412287
412368
412407
412597
412672
412827
412828
412864
412886
413052
413054
413096
413728
413962
414004
414334
414518
414752
414872
415307
415568
415703
416143
416298
417265
417295
417322
417821
418238
418479
418502
418953
419223
419368
419731
420073
420956
421123
421148
421321
421385
421465
421471
421561
421600
421687
421694
421776
421836
421865
421889
422027
422080
422171
422200
422320
422330
422332
422415
422864
423053
423214
423825
423934
424065
424176
424261
424314
424512
424734
425244
426712
426850
427020
427263
427318
427807
428325
428368
428397
428481
428588
428729
429020
429150
429271
429518
429727
430496
431198
431344
431782
432076
432412
432466
432898
433556
433697
434126
434166
434308
434327
434361
434758
435126
435261
435280
435393
435463
435470
435490
435845
435907
435910
436065
436123
436154
436543
436809
436989
438146
438674
438990
439794
440160
440224
440241
440359
440438
441362
441602
441863
441923
442010
442475
442874
442910
444182
444185
444302
444535
444683
444932
444974
445136
445454
445513
445775
446161
446301
446751
447516
447534
447792
447888
449091
449133
449184
449454
450034
450245
450372
450992
451100
451694
452589
452990
453324
453639
454212
454910
455699
455735
455891
456158
456426
456471
456545
456662
457262
457313
457427
457555
457577
457619
457920
458281
458387
458458
458629
458878
459157
459317
459340
459848
460250
460658
460823
461035
461071
461588
461767
462937
462984
463069
463111
463840
463843
464170
464314
464952
465028
465092
465292
465777
465873
466974
467325
467621
468020
468105
469037
469333
469334
470124
470370
470658
470892
470964
471114
471558
471642
472002
472038
473345
473448
473748
474282
474292
474296
474400
474708
474798
474810
475074
475388
475390
475467
475726
475763
476151
476296
476424
476660
476844
477015
477047
477210
478542
478970
478995
479125
479144
479157
479200
479241
479282
479288
479290
479325
479326
479349
479371
479387
479589
479736
479741
480296
480444
480515
480576
480789
481626
481748
481770
482008
482318
482739
482835
482911
482946
482968
483014
483344
483440
483833
483913
484209
484318
484656
484663
484780
484786
484957
485115
485299
485728
485779
485842
485909
487435
488041
488836
489042
489552
490077
490117
490304
490528
490551
490750
490765
491753
491763
492175
492204
492231
492317
492362
492438
492468
492864
493569
493773
494094
494205
494870
494903
495047
495756
495861
496380
496948
496988
497041
497601
498157
499229
499382
499429
499727
499962
500302
500624
500807
501138
501301
502442
502491
502616
502964
503343
503503
503570
503707
503735
503816
504153
504254
504390
504454
505188
505269
505783
505872
506015
506576
507127
507248
507418
507502
507990
508031
508161
508201
508206
508231
508546
508768
508848
509560
509569
509926
509962
510060
510615
510742
510802
511398
511436
512075
512459
512812
512833
513085
513683
513785
513842
514058
514581
514680
514698
514885
515205
515649
515701
516406
516816
517444
517670
517902
518117
518580
519356
519381
520020
520129
520227
521004
521257
521329
521696
522323
522593
522677
522691
522692
522713
522913
522948
523610
523732
524702
524713
524998
525413
525956
526158
526419
526954
527392
527606
528099
528189
528223
528396
528993
529075
529158
529177
529252
529347
529451
529614
530007
530074
530085
530120
530123
530142
530457
531261
531266
531286
532147
532320
532330
533539
533747
533847
533872
533952
534023
534061
534830
534961
535102
541833
541834
541839
541951
542004
542038
542154
542388
542462
542571
542869
543202
543283
543314
543406
543417
543552
543560
543683
543813
544288
544298
544341
544374
544433
544436
544446
544554
544651
544660
544661
544679
544686
545033
545097
545226
545471
545528
545648
545844
545870
546380
546385
546422
546433
546593
546668
546759
546767
546929
547656
547690
547744
547845
547892
547958
548106
548209
548408
548503
548779
549178
549493
549556
551635
552998
553024
553132
553821
553824
553877
553998
554033
554163
554235
554292
554862
555212
555457
555471
555500
555941
556045
556054
556224
556817
556822
557181
557243
557367
557437
557938
557969
557987
558082
558108
558275
558353
558446
558806
558809
558915
558946
558969
559229
559261
559267
559269
559278
559498
559914
560083
560220
560364
560371
560455
560505
560511
560525
560747
561189
561629
561630
561645
568105
568150
568323
568382
568463
568505
568510
568544
568593
574964
575002
575073
575640
576318
576556
576563
576612
576905
576979
577060
577158
577161
577383
577564
577756
577826
578083
578137
578218
578265
578356
578364
578374
578445
578479
578512
578572
578638
578676
578702
578716
578856
578860
578924
579186
579190
579240
579282
579353
579423
580155
580322
580608
580723
580852
580867
581017
581134
581392
581451
581457
581660
581705
582172
582291
582395
582429
582552
582559
582566
582594
582721
582730
582790
582987
583179
583236
583260
583266
583389
583638
583647
583757
583790
583830
583953
583976
583988
584220
584249
584388
584414
584527
584567
584715
585062
585695
586096
586397
586878
586992
587013
587061
587130
587205
587334
587750
587941
587958
588225
588549
588631
588633
588807
588888
589074
589365
589377
589764
589803
590065
590968
591238
591242
591397
591688
592201
592225
592301
592302
592407
592476
592532
592630
592637
592665
592945
593080
593299
593448
593466
593805
594391
594432
594546
594587
594687
594798
594802
594933
595174
595357
595834
595991
596505
596681
596824
597039
597187
597232
597592
597715
598397
598477
598662
598851
598948
599047
599081
599198
599275
599896
600058
601348
601918
601994
602491
602545
603502
603531
603625
603829
604084
604381
604433
604695
604770
604875
604881
605025
605190
605286
605573
605793
605941
606133
606365
606541
606561
607245
607269
607285
607503
607773
607794
608045
608090
608165
608221
608273
608315
608495
608522
608548
608762
609044
609760
609903
609958
610218
611145
611214
611295
612075
612980
613239
613257
613734
613896
613946
613998
614208
614580
614769
615404
615525
615688
615818
615842
616159
616580
616667
616811
617037
617073
617292
617861
618008
618009
618010
618012
618068
618102
618620
618689
618734
618860
618889
618946
618974
619061
619085
619211
619238
619274
619295
619322
619338
619736
619777
619798
619902
620139
620225
620656
620838
621830
621836
621861
621908
622133
622257
622289
622331
622343
622345
622465
622492
623101
623404
623479
623527
624410
624532
624546
624636
624869
626137
626335
626350
626389
626682
626724
626892
626947
627307
627401
627404
627440
627934
628498
628553
628646
629252
629348
629428
629474
629671
629731
629836
629998
630335
630409
630496
630516
630553
630709
630710
630721
631406
631589
631912
631979
632038
632060
632064
632429
633019
633217
633985
634428
634459
634525
634549
635112
635145
635152
635353
635452
635622
635792
635804
636162
636413
636660
636683
636716
636810
637533
637650
637716
637771
637913
637960
637963
638119
638266
638620
639331
639946
640135
640144
640411
640849
641544
641721
642195
642561
642569
642731
642951
643019
643082
643237
643427
643548
643560
643708
644388
644400
644454
644711
645454
645676
646006
646051
646525
646696
647015
647261
647366
647900
648077
648206
648308
648954
648995
649118
649172
649199
649297
649518
649661
649907
650120
650144
650477
650623
650709
650723
650898
650923
651243
651712
651752
651809
652156
652445
652448
652601
652754
653058
653200
653367
653694
653801
653839
654008
654544
654571
654605
654825
654840
654897
655266
655268
655397
655437
655485
655924
656197
656885
657214
657373
657565
657995
658195
658666
660043
660108
660488
660617
660771
660786
660859
660930
661677
661834
661870
661871
661885
662162
662194
662582
662980
663278
664040
664043
664147
664694
665921
666214
666884
667120
667708
668222
669742
669817
669952
669971
670056
670151
670372
670474
670598
670804
670849
670868
671038
671039
671106
671264
671404
671554
671575
671602
671638
671701
671702
671707
671749
671918
672011
672059
672392
672419
672758
672921
673076
673127
673193
673619
673804
673925
673934
674123
674388
674837
675020
676025
676218
676383
676417
676485
676647
677169
677220
677274
677364
677370
677412
678405
678883
679312
679471
679675
679705
679731
679819
679849
680390
680542
681179
682027
682036
682037
682084
682257
682258
682325
682466
682549
682640
682758
682964
683379
683478
683669
684165
684308
684441
684644
684645
684822
685827
686208
686349
686356
686539
686831
686859
686883
687012
687013
687063
687855
688271
688559
688765
689389
689554
689948
690010
690018
690385
690540
691141
691249
691987
692218
692659
693443
693977
694505
694533
694685
694708
694726
695342
695464
695812
696230
697513
697666
697762
697816
697976
698120
700278
700504
700622
700791
700804
700828
700840
700916
701357
701385
701419
701578
702014
702115
704403
704454
704490
705631
705962
706260
706337
706391
706439
706640
706983
712818
713046
713112
713484
714122
714920
715093
715291
715381
715387
715669
715745
716666
716908
717268
717406
718542
718675
718859
718887
718890
718914
719334
719700
719894
720097
721809
722142
722160
722184
722556
723249
724434
724903
725193
725467
726495
726509
726864
726929
727304
728724
729111
729182
729318
729345
729368
729546
729594
729638
729999
730038
730465
730599
730985
730996
731008
731048
731064
731133
731219
731275
731692
731752
731771
731914
732150
732451
732583
732841
732856
733429
733441
733747
733789
733945
734123
734612
734870
735374
735385
735444
735461
735556
735559
735623
735646
735728
735742
736443
736902
736980
737187
737501
737536
737685
737826
738004
738084
738435
738515
738573
738719
738795
739200
739263
739273
739321
739403
739437
739651
740024
740621
740852
740939
741326
742062
742720
742762
742787
742917
743044
743068
743263
743495
743899
743903
743974
744013
744086
744547
744730
744772
744859
744874
744980
744985
745003
745989
746000
746374
746536
746564
747055
747304
747544
747874
748153
748214
748532
748553
748625
748643
749135
749611
749615
750173
750349
750736
750891
750972
751022
751445
751580
751910
752056
752423
752424
752846
753087
753137
753195
754629
754643
754920
755085
755157
755345
756009
756890
757012
757231
757809
758053
758339
758483
758543
758636
758745
759337
759779
759896
760098
760589
760757
760939
761160
761958
762496
762571
765055
765127
765217
765750
765802
766102
766363
766579
766737
766938
767047
767183
767223
767259
767328
768353
768427
768457
768538
768679
768793
768844
769063
769183
769207
769285
769496
769548
769689
769843
770041
770185
770239
770354
770542
770922
771015
771195
771558
772074
772420
772516
772669
773039
773287
773484
773593
773606
773807
774621
774646
774717
774937
775100
775603
777397
777630
777952
778073
778326
778465
778489
778509
778561
778602
778612
778614
778618
778637
778839
779319
779320
779328
779342
779356
779446
779859
779893
779908
779914
779967
780019
780033
780035
780050
780056
780122
780143
780160
780173
780206
780500
780521
780641
780773
780848
781136
781239
781379
781409
781419
781424
781441
781578
781634
782051
782096
782333
782375
782443
782525
782618
782717
782807
783677
783795
783845
784184
784372
784625
785318
785462
785828
785851
785907
786108
786402
786618
786803
786810
786942
786951
786968
786976
786983
787089
787904
788060
788621
788938
788947
789015
789189
790307
790683
790861
790950
791316
791455
791548
791799
791887
792001
792094
792224
792484
792927
792997
793031
793139
793207
793300
793301
793418
793481
793570
793585
793612
793691
793703
793952
794027
794041
794142
794225
794231
794323
794620
794643
794878
794890
794912
795133
795253
795256
795439
795499
795501
795505
795589
795913
796125
796304
796396
796413
796586
796791
796856
796858
797044
797085
797305
797326
797329
797366
797622
797633
797674
797707
797862
797870
797877
797948
797989
798196
798257
798380
798397
798400
798821
798848
799148
799262
799451
799862
799895
799970
800148
800171
800352
800442
801136
801316
801373
801487
801844
802249
802904
803156
803204
803291
803311
803587
803671
803780
803951
804084
804257
804353
804378
804429
804686
804722
804816
804950
805132
805147
805337
805562
805722
806040
806818
806907
807714
807775
807791
808011
808052
808108
808263
808287
808521
808578
808863
808872
809012
809098
809329
810159
810169
810199
810364
810415
810496
810535
810615
810921
810985
810986
810987
810990
811029
811176
811202
811228
811276
811282
811383
823967
824136
824337
824772
824811
824872
825064
825066
825141
825417
825444
825852
826536
826599
826641
826948
827004
827128
827208
827366
827477
827501
827544
827566
827878
827996
828031
828034
828666
828688
828811
828816
828836
829895
831013
831130
831407
831597
832050
832151
833517
834010
834928
835169
835248
836144
836908
837577
837897
838330
839196
839211
839218
839505
839892
839900
840576
840620
841726
841859
842006
842036
842234
842381
842834
843103
843276
843706
843816
843838
844453
844501
844511
844703
845098
845205
845287
845738
845834
846025
846464
846601
846920
847392
847727
847980
849405
849416
849533
849600
849797
850035
850043
850287
850323
850359
850367
850793
850886
850893
851797
851889
851923
851980
851981
852125
852577
852722
852779
852979
853206
853242
853301
853451
853758
853807
853975
854209
854329
854362
854575
854998
855031
855522
856672
856876
857500
857541
857788
857872
857899
858054
858060
858233
858511
858547
858659
858731
858949
859410
859603
859955
860072
860141
860195
860213
860276
860468
860476
860513
860609
860663
860862
861074
861134
861401
861454
861715
862031
862199
862462
862466
862537
863180
863209
863249
863549
863582
863789
864132
864380
864602
864725
865994
866627
866678
867020
867751
868348
868409
868485
869660
869690
869707
869717
870325
870475
870793
871006
871021
871036
871157
871670
871908
872246
873201
873382
873460
873502
873682
874402
874414
874420
874434
875194
875517
875701
875843
876033
876057
876569
876825
876948
876991
878070
878193
878256
878396
879163
879208
879224
879230
879247
879267
879296
879431
879516
879687
879882
879887
879907
880052
880297
880384
880399
880498
881223
881427
881583
881628
881739
881946
882239
882479
882533
882613
882615
882628
882635
882683
882723
882762
883103
883874
884309
884871
885547
885775
885812
885822
886445
886758
886759
886817
886829
886898
886948
887281
887666
888005
888247
888305
888345
888356
888438
888453
888479
888499
888716
889004
889214
889361
889436
889601
889607
889661
889729
890075
890171
890186
890237
890255
890402
890426
890462
890603
891152
891221
891231
891342
891383
891507
891512
891611
891656
892025
892112
892181
892212
892452
892541
892549
892563
893054
893214
893535
893550
893850
894129
894312
894371
894419
894432
894512
894515
894550
894616
894708
895181
895701
895788
895958
896067
896345
896357
896369
896389
896765
896783
896902
897158
897252
897290
897311
897395
897448
897484
897659
897665
897868
897909
898653
898788
899751
899837
900038
900140
900198
900619
901731
902287
902391
902479
902486
902502
902661
903117
903256
903567
903579
903656
903660
903777
903790
904221
904347
904491
904567
904632
904780
904895
904921
904943
905093
905103
905510
906110
906181
906305
906494
906509
906524
906630
906845
907109
907442
907799
907907
907937
908105
908324
909136
909541
909551
909602
910289
910360
910494
910560
910572
911277
911494
911703
911779
911808
911857
911975
912151
912297
912377
912431
912560
913393
913982
913983
914066
914087
914107
914517
914538
914816
914991
915057
915691
915939
916059
916182
916575
917241
917245
917406
917686
917985
918053
918091
918119
918156
918194
918242
918497
918499
918518
918731
918808
919087
919132
919139
919258
919329
919415
919439
919947
920149
920266
920382
920764
920907
920986
921968
922006
922091
922106
922161
922267
922888
922984
923677
923921
927893
928937
929523
930826
931113
932116
932226
932540
934184
934214
934466
934697
935285
935766
935851
936066
936067
936416
937221
937295
937733
938065
938241
938391
938924
939358
940468
940564
940705
940932
941049
941172
941678
942173
942238
942434
942771
942850
942898
943288
943570
943613
943691
943775
944010
944183
944701
944738
945036
945737
945744
945752
945936
946497
947085
947710
947810
947885
948191
948628
948634
949009
949029
949432
949462
949472
949496
949572
949577
949940
950132
950138
950156
950495
950639
950699
950759
951099
951384
951500
951520
951537
951544
951566
951573
951595
951726
951766
951785
951845
952025
952043
952100
952133
952223
952261
952285
952286
952297
952318
952422
952426
952472
952505
952794
952947
953020
953335
953540
953664
953755
953864
953865
953925
953929
954007
954043
954244
955308
955886
955942
955973
955988
956065
956093
956597
956978
958339
959157
959166
959584
959836
959852
959960
960018
960299
960456
960668
960867
961107
961111
961146
961217
961219
961220
961278
961359
961361
961462
961597
961627
961741
961780
961818
962129
962130
962434
962647
962886
963014
963377
963517
963538
963622
963805
963916
964024
964048
964135
964180
964201
964319
964391
964700
964714
964744
965050
965433
965717
966356
966609
966739
966822
967399
967484
967488
967596
967662
967869
968127
968343
968395
968708
968737
968811
969608
969615
969826
970003
970143
970284
970357
970512
970527
970797
970801
970807
971511
971671
971686
971887
971914
971955
972004
972825
973107
973417
973795
973814
974211
974241
974423
974457
974654
975497
975692
976100
976105
976137
976713
977112
977122
977277
977989
978531
982087
982276
982310
982668
982728
983358
983817
983919
983973
984195
984382
984961
985175
985524
986118
986604
986763
986883
987204
987223
987315
987319
987674
988550
988962
989039
989203
989344
989982
990540
990588
991026
991027
991126
991713
991971
992433
992436
992475
993243
993308
993694
993765
993774
993849
994015
994464
994491
994492
994520
994545
994938
995153
995158
995212
995313
995612
995616
995632
995719
995819
996328
996604
997093
997372
997600
998077
998078
998377
998685
999059
999165
999291
999386
999433
999483
999629
999807
999896
1000147
1000199
1000204
1000439
1001650
1001770
1001922
1002337
1002499
1002898
1003128
1003324
1003534
1003922
1004173
1004716
1005280
1005292
1005325
1005829
1005852
1005941
1006084
1006113
1006262
1006307
1006502
1006778
1006862
1007947
1008097
1008148
1008373
1008427
1008469
1008481
1008592
1008695
1008710
1008781
1008847
1008855
1008859
1008896
1008919
1008929
1008937
1008949
1009018
1009315
1009499
1009510
1009540
1009567
1009636
1009767
1009812
1009985
1010005
1010365
1010428
1010455
1011024
1011379
1011474
1011510
1011639
1012213
1012326
1012661
1012706
1012742
1012874
1012901
1012976
1013909
1014432
1014724
1014774
1015170
1015266
1015493
1016004
1016165
1016415
1016816
1017034
1017661
1018624
1018767
1019364
1019595
1019597
1019728
1019970
1021557
1021623
1021857
1022413
1022442
1022470
1022499
1022910
1023056
1023965
1024329
1024488
1024792
1025361
1025688
1026201
1026465
1027295
1028092
1028305
1029160
1029196
1029874
1029881
1029980
1030324
1030351
1030492
1030582
1030846
1030902
1030947
1031011
1031026
1031055
1031137
1031183
1031230
1031339
1031479
1031636
1031952
1031962
1032118
1032307
1032401
1032561
1033284
1033467
1033479
1033498
1033530
1033602
1033866
1034214
1034384
1034472
1034700
1034811
1035498
1035627
1036356
1036380
1036885
1037074
1037211
1037724
1037779
1038142
1038681
1038693
1039187
1040349
1040792
1040816
1040852
1041119
1041188
1041701
1042019
1042463
1043391
1044014
1044104
1044161
1044308
1045013
1045920
1046258
1046573
1046648
1046683
1046925
1046941
1047531
1047921
1047984
1048158
1050057
1050866
1051057
1051154
1051848
1051850
1051973
1052257
1052468
1052634
1052799
1052841
1052907
1053897
1054083
1054260
1054383
1054476
1055022
1055247
1055601
1056405
1056600
1056817
1057470
1057500
1057559
1057770
1057978
1058505
1059000
1059009
1059028
1059071
1059249
1060014
1060642
1060673
1061120
1061417
1061546
1061633
1061803
1061926
1062869
1063172
1063182
1063193
1063263
1063622
1063668
1063699
1063846
1064130
1064969
1065344
1065365
1065367
1065591
1065706
1065752
1065783
1065820
1065890
1065940
1065941
1066075
1066107
1066308
1066339
1066367
1066374
1066425
1066575
1066596
1066639
1066693
1066789
1066799
1066820
1066828
1066889
1066941
1067150
1067501
1067608
1068432
1068650
1068653
1068656
1068659
1068673
1068826
1076541
1076582
1076590
