8402
9319
9497
9630
10184
13034
13064
13439
13505
13605
13828
13852
13996
14006
14377
14599
14781
14857
14918
15133
15705
16047
16368
16418
16434
16521
17138
17459
17699
17843
18080
18437
18527
18542
19498
20392
20622
21881
22939
22987
23134
23353
23637
23724
24061
24280
24625
24667
25507
25508
25829
26073
26089
26166
26228
26263
26375
26609
26706
27268
27981
28045
28593
29022
29112
29118
29145
29148
29370
29607
29765
30303
30529
30882
31192
31379
31800
31828
31871
31872
32078
32346
32369
32504
32693
32986
33236
33242
33705
33754
33845
34100
34890
35726
35874
36672
37126
37200
37459
37511
37611
37647
37836
37888
37977
38088
38305
38612
38741
38767
39077
39176
39622
39683
39790
39791
39858
40048
40487
41198
41405
41627
42627
42635
42787
42789
42940
43168
43282
43366
43722
43753
43994
44028
44503
44904
45050
45053
45743
46350
46481
46508
46563
46836
47403
47459
48018
48234
48322
48348
48378
48927
49044
49254
49380
49712
49717
49730
49768
49898
49899
49933
49934
50020
50514
50532
50646
50835
50840
50890
50955
51343
51354
51362
51368
51409
51543
51681
51822
51894
52035
52482
52494
52509
52575
52599
52671
52782
52876
53217
53460
53503
53537
53556
53642
53691
53897
53934
53982
54071
54094
54192
54499
54576
54586
55022
55453
55773
56231
56276
56441
56632
56748
57638
57693
57744
57944
57995
58037
58478
58860
59260
59269
59542
59776
60022
60274
60349
60529
60706
61233
62006
62344
62659
62743
62808
62996
63092
63206
63281
63338
63339
63473
63482
63644
63902
63914
64085
64154
64188
64224
64550
64643
65033
65285
65314
65318
65333
65552
66284
66290
66506
66659
66807
66861
66995
67133
67286
67589
67688
68326
68600
68908
69025
69499
69791
69900
70136
70166
70764
70824
70985
71475
71724
72303
72618
72996
73242
73482
73527
73530
74069
74072
74083
74237
74304
74305
74306
74338
74704
74868
75016
75046
75217
75258
75576
75613
75702
75886
75934
76102
76292
76445
76661
76699
76807
77048
77093
77125
77144
77201
77212
77294
77335
77434
77485
77784
77846
78077
78101
78125
78162
78178
78246
78303
78413
78428
78509
78726
78777
79162
79364
79697
79877
79904
79908
79948
79953
80292
80474
80475
80519
80571
80594
80667
80873
80884
80887
80928
80934
80940
81111
81243
81479
81582
81708
82098
82388
82471
83128
83176
83287
83404
83549
83860
84079
84712
84896
84951
85246
85307
85892
86176
86212
86512
86707
86779
86901
87114
87219
87459
87621
87657
87715
87831
88146
88293
88299
88311
88443
88445
88491
88542
88632
89364
89556
89571
89649
90249
90297
90300
91031
91172
91189
91250
91445
91583
91844
91951
92017
92048
92059
92586
93503
94238
94363
94452
94686
94695
95277
95285
95384
95677
95790
95995
96085
96927
97423
97655
97705
97846
97917
97921
98841
99141
99586
99659
99717
100142
100454
100610
100694
101085
101918
101969
102083
102221
102879
103106
103169
103208
103211
103773
104510
104584
104863
105382
105409
105442
105757
105851
106047
106327
106393
106450
106486
106631
106672
106831
107083
107242
107248
107341
107365
107434
107914
108307
108509
108622
108789
108901
109015
109249
109717
109858
110102
110521
111860
111909
112047
112481
113135
113729
113864
114297
114933
114970
115000
115183
115244
115801
116022
116296
116316
116709
117173
119087
119447
119596
119630
119850
120032
120033
120332
120494
120749
120797
121058
121090
121341
121496
121931
122464
122798
122837
122856
122980
123006
123044
125495
125682
125767
125883
126422
127039
128764
129738
129836
129926
129941
130052
130061
130218
130265
130814
130922
131101
131242
131599
131804
131917
131924
131925
131926
132023
132388
132417
132483
132521
132730
132871
132912
133456
133458
133714
134293
134305
134361
134683
134881
135190
135357
135459
135527
135847
135878
135952
135985
136036
136079
136204
136477
136702
136894
138474
138629
138665
138760
139108
139180
139255
139522
139583
139632
139699
140517
140595
140631
140996
141291
141456
141610
141877
142166
142173
142206
143134
143364
143886
143958
144245
144592
144642
144771
144786
145154
145184
145262
145742
145925
146064
146065
146240
147354
147583
147676
147864
148638
148937
149883
150027
150345
150486
151131
151675
151772
152179
152386
153063
153107
153576
153582
154884
155139
155382
155457
155781
155926
156147
157233
157245
157392
158385
158483
158970
159212
159377
159772
159905
159986
160455
160611
160812
160953
161685
162554
162866
163055
163417
163603
163975
164287
164309
164574
164604
164837
164846
164930
165083
165197
165242
165260
165263
165599
165887
165995
166205
166256
166295
167004
167027
167169
167606
167607
167906
167908
167959
167962
168034
168044
168119
168166
168170
168197
168838
168894
168900
168948
169254
169960
170393
170566
170851
171458
172118
172478
172589
172679
172685
172936
173057
173523
173801
173987
174020
174059
174263
174640
174739
174798
174982
174991
175129
175339
175405
175421
175576
175601
175615
175682
175759
176043
176254
176730
176764
176818
177239
177484
177490
177595
177745
177833
177865
177891
178033
178126
178148
178152
178203
178235
178570
178695
178780
178941
178996
179265
179271
179346
179559
179582
179678
179886
179931
179979
180009
180040
180335
180773
180774
180796
181067
181240
181329
181568
182183
182943
183111
183125
183219
183655
183769
184114
190256
190411
190535
190760
190786
191033
191318
191452
191792
191860
192147
192203
192206
192208
192254
192550
192634
192721
192991
193159
193738
194005
194053
194107
194499
194821
194827
195045
195462
195572
195789
202482
203305
203606
203615
203948
204735
204982
205670
206013
206138
206217
206222
206248
206261
206272
206393
206481
206980
207028
207757
207796
207955
208073
208108
208197
208201
208399
208467
208566
209285
209291
209422
209542
209917
209977
209980
210127
210212
210493
210532
210658
210915
211211
211216
211894
211916
212014
212197
212695
212800
213058
213168
213211
213228
213247
213301
213451
213502
213709
214290
214498
214530
214559
214608
214698
215306
215320
215391
215661
215779
215788
215820
216244
216797
216954
217129
217169
217436
217656
217754
218051
218113
218138
219785
221745
222095
222383
223137
223597
223609
224126
224148
224729
225259
225529
225550
225562
225618
225706
225831
225848
225925
226535
226956
226967
227027
227207
228146
228322
228901
229539
229615
229941
230470
230627
230998
231000
231292
231408
231733
231802
231947
232627
233274
233374
234329
234444
234484
234518
234542
234636
234644
235295
235304
236410
236415
236819
237477
237882
238008
238157
238290
238380
238422
238521
238534
238681
238849
238946
239124
239545
239557
239815
239896
239938
240226
240525
240772
241036
241872
241912
242042
242103
242213
242235
242692
242727
242849
242904
243084
243198
243413
243607
243623
244572
244974
245572
245621
245628
245675
246172
246508
248171
248618
248627
248660
248834
248858
250010
250199
250529
250706
251286
251609
251661
251662
251736
251941
252379
252532
253248
253290
253500
253503
253544
253845
254349
255052
256691
257090
257217
257487
257640
258060
258493
258884
259094
259263
259759
259791
259876
260009
260199
261637
262383
262691
262818
263835
264034
265127
265559
266099
266262
266827
267158
268003
268029
268812
268987
270440
271232
271372
271464
273179
273767
273984
274871
274961
275405
275537
275767
275940
276350
276659
278290
279058
279390
279712
279754
279877
280284
280484
281098
281111
283212
283234
283250
283288
283562
283853
283876
284260
284301
284383
284443
284449
284507
284713
286020
286754
286779
286840
286884
286896
286996
287338
287682
289183
289227
289245
289390
289464
289539
289762
289866
290142
290366
290482
290511
290769
291091
292016
292537
292748
293346
293978
294426
295569
296162
296586
297000
297140
297194
297405
298692
298710
298799
300558
300623
300676
301151
301214
302548
302628
302932
303300
303314
303354
303491
303509
303533
303755
303923
304601
304685
304946
305013
305171
305303
305513
305627
305967
306097
306761
306777
307024
307036
307133
307190
307219
307541
307764
307769
308338
308353
308803
308804
308911
309160
309271
309293
309305
309424
309446
309469
309490
309570
309648
309650
309663
309810
310178
310337
311506
311560
311582
311868
312012
312074
312217
312247
312699
312854
312892
312920
312980
313018
313919
314187
314816
315099
315235
315485
316423
316587
316655
316732
317749
317836
318302
318407
318419
318424
318678
318856
319105
319327
319767
320292
320560
320676
320998
321060
321532
321587
321686
321768
321801
321837
321868
321916
322143
322180
322684
322885
323059
323147
323248
323578
323625
323763
323907
324005
324107
324350
324431
324569
324605
324629
324689
324727
324732
324736
324879
325046
325160
325194
325509
325602
325728
326056
326120
326203
326401
326407
326686
326714
326810
328409
328706
328760
329030
329224
329517
330384
330481
330772
330900
331046
331787
332144
332209
333250
333399
333421
333509
334177
334198
334573
335180
335192
335351
335519
335534
335573
335853
336407
336424
336425
336610
336695
337176
338515
338851
338923
339496
339545
339552
339619
340672
340711
340731
340887
340906
341630
342173
342279
342492
342941
343086
343236
343377
343482
343909
344029
344043
344045
344348
344963
345132
345153
345183
345265
345513
345829
346005
346051
346123
346176
346254
346284
346559
346842
347562
347571
347877
348806
349004
349925
350097
350369
350372
350863
350896
350931
351095
351608
351704
351754
352053
352068
352087
352175
352231
352244
353026
353180
353228
353238
353260
353329
353585
353814
354080
354247
354248
354389
354466
354798
354818
354882
355137
355195
355271
355419
355503
355560
355643
356625
356924
363346
363391
363478
363616
363820
364310
364597
364639
364643
364657
364735
365344
365764
365847
365986
366310
366479
366559
366864
366938
366950
367173
367608
367703
367748
367856
367874
367889
367919
367971
368034
368078
368250
368331
368445
368625
368829
368928
368940
369384
369534
369783
370398
370721
370776
370866
370891
370927
370941
370999
371103
371138
371174
371213
371287
371308
371320
371393
371401
371404
371467
371525
371533
371540
371651
372225
372277
372343
372399
378714
378832
378956
378957
378984
379090
379154
379170
379214
379243
379442
379637
380209
380269
380979
380997
381204
381369
381441
381762
382044
383159
383374
383449
383491
383864
383911
383914
384775
384784
385015
385180
385555
385945
386206
386518
386530
386785
386875
386920
387174
387576
387784
387830
387876
387879
388308
388539
388681
388751
388771
388785
388802
388875
388995
389046
389118
389211
389260
389271
389307
389541
389574
389820
389909
389952
390009
390083
390129
390351
390393
390486
390597
390765
390962
390977
390989
391001
391053
391060
391137
391200
391205
391211
391335
391419
391505
391564
391633
391659
391766
391821
391888
391964
391983
391991
392000
392003
392080
392165
392221
392254
392261
392366
392397
392398
392486
392530
392565
392567
392634
392778
392930
393006
393147
393355
393453
393599
393759
393788
393792
393856
394083
394161
394303
394309
394350
394502
394512
394541
394601
394663
394731
394738
394791
395022
395237
395296
395714
395765
395969
395990
396068
396104
396107
396173
396257
396266
396358
396436
396448
396726
396758
396782
396793
396801
396838
396864
397143
397289
397469
397963
398067
398139
398212
398256
398293
398326
398330
398377
398393
398746
398813
398916
398988
399070
399119
399177
399189
399709
399941
400537
400617
400653
400937
401070
401250
401326
401410
401516
401763
401773
402014
402164
402170
402345
402518
402670
403091
403250
403536
403634
403801
403985
404087
404207
404354
404381
404404
404584
405111
405164
405193
405205
405403
405840
405911
406237
406675
407179
407191
408001
408897
409543
409650
410079
410172
410308
410365
410451
410894
411113
411146
411958
411991
412177
412303
412382
412463
412625
412745
412883
413129
413502
413527
413965
414203
414344
414564
414669
414719
415412
415433
415438
415454
415508
415566
416104
416192
416354
416970
417114
417300
417450
419558
419643
420348
420356
420384
420385
420386
420683
420718
420768
420832
420856
420966
421225
421238
421243
421952
422261
423156
423534
423811
423901
424405
425957
426074
426934
427114
427123
427279
427327
428041
430346
430634
430637
430646
430685
430694
430800
430847
430895
430923
431284
431692
431765
431841
431890
432049
432132
432966
433010
433291
433318
433376
433409
433474
433720
433748
433878
434413
434927
434958
435282
435813
436033
436081
436089
436121
436140
436151
436540
436611
436738
436847
437005
437011
437248
437463
437922
437945
438448
438490
438816
438970
439214
439316
439726
439839
439888
439990
440381
440382
440451
440514
440535
440555
440602
440791
441031
441184
441278
441655
441694
442128
442419
442723
442838
442933
443187
443849
443864
443942
443966
444164
444227
444383
444908
445712
446239
446260
446284
446574
446740
446761
447184
447487
447619
448075
448374
448496
448516
448554
448794
448808
448852
448865
448943
449092
449107
449152
449173
449412
449808
449969
450012
450172
450640
451199
451252
451369
451971
451977
452031
452077
453366
453387
453513
453522
453539
453738
453745
453875
453906
454197
454527
454866
455004
455603
455659
455851
456189
457247
457276
457507
457614
458446
459192
459295
459340
459348
459498
459670
459697
460145
460255
460285
460498
460499
460522
460618
460648
460662
460753
461290
461498
461509
461530
461567
461653
461659
462232
462286
462388
462409
462622
462945
462976
463073
463090
463091
463204
463455
463646
463709
463806
463832
464756
464784
464785
464859
464976
465028
465031
465036
465037
465163
465295
465435
465530
465675
465899
466308
466863
468494
468637
469320
469552
470589
470613
471159
471264
472484
473407
473450
473597
474052
474275
474350
474441
474740
475013
475024
475108
475126
475160
475202
475252
475480
476241
476503
476641
476647
476659
476788
476812
476908
476920
477118
477610
477780
477847
478448
478576
479345
481412
481766
481922
482208
482238
482376
482500
482522
482942
482985
483498
484290
485052
485130
485157
485305
485619
485832
486148
486339
486437
489569
489786
490109
490194
490393
490916
491201
491458
491569
491919
491997
492021
492032
492266
492323
492512
492833
492986
493188
493334
493391
493503
493832
494083
494247
494278
494333
494582
494785
494799
494828
494850
494953
495304
495559
495665
495773
496159
496537
496541
496565
496601
496640
496721
496739
496943
497756
497780
497987
498543
498573
498745
499915
499930
500107
500802
500943
501019
501084
501121
501143
501451
502184
502941
503125
503136
504283
504447
504470
504487
504884
504889
505398
505551
505690
505702
505942
505945
506082
506166
506403
506583
506838
507000
507502
508389
508576
508918
508933
509203
509304
509343
509351
509359
509691
509869
510245
510365
510379
510599
510876
510947
511229
511246
511632
511796
511826
511953
512151
512193
512216
512219
512223
512232
512244
512254
512272
512344
512449
512725
512809
513061
513091
513096
513097
513130
513160
513285
513345
513350
513352
513381
513415
513420
513425
513553
514004
514088
514187
514325
514431
516057
516474
516489
516714
517047
517375
517743
518403
518853
518907
519204
519303
519585
519897
520033
520122
520155
520305
520382
520497
520686
521251
522008
522131
522201
522204
522803
523046
523621
523761
524617
524814
524991
525617
525744
526308
526564
526584
526779
526914
526932
526971
527316
527507
527516
527588
527901
528006
528346
528895
529003
529096
529114
529219
529948
530620
531100
531160
531193
531559
532039
532062
532289
532475
532529
532677
532703
533042
533682
533925
533975
534357
534912
534993
535031
535127
535310
535437
536035
536660
536671
536836
536927
536939
537052
537198
537228
537319
537442
537598
538143
538839
539856
540798
541041
541095
541397
541429
541726
541746
542298
542389
542587
542990
543224
543706
544292
544385
544466
544988
545131
545786
545809
545936
545977
546760
546766
547652
547889
548070
548624
548656
549320
549834
549970
550076
550847
550932
550984
552657
552774
554440
554448
554457
554664
555036
555078
555126
555444
555633
555852
555906
556437
556610
556759
557358
557365
557517
558627
558810
558877
558885
558894
559132
559794
559817
559878
560374
560428
560558
561397
562025
562219
562247
562625
562698
562933
562992
562996
562997
562998
563002
563011
563016
563019
563033
563099
563102
563134
563185
563201
563212
563230
563251
563254
563284
563317
563326
563353
563407
563422
563437
563455
563551
563554
563574
563584
563605
563701
563893
563905
564026
564031
564064
564073
564157
564175
564270
564295
564380
564397
564548
564656
564740
564785
564933
565004
565299
565315
565610
565698
565803
565878
566017
566019
566425
566484
566497
566498
566510
566527
566961
566980
567107
567729
568243
568297
568338
568371
569048
569211
569738
570835
570998
571000
571024
571031
571144
571170
571183
571190
571226
571349
571441
571457
571706
571949
572206
572241
572286
572319
572658
572735
572961
573026
573050
573502
573653
573680
573690
573694
573729
573793
573801
573842
573863
573912
573938
573992
574043
574045
574079
574134
574620
574659
574746
574851
574889
574908
575064
575098
575127
576259
576826
576949
577405
577667
577768
577948
578710
578812
579452
579851
579980
581099
581216
581529
581540
581828
583157
584001
584140
584216
584496
584569
584575
584581
584588
584661
584817
586154
586251
586462
586528
586738
586759
587075
587257
587270
587271
587493
587934
587939
588375
589250
589251
589416
589473
590250
591615
591686
591930
593277
593285
593685
594000
594694
595371
595605
595882
596358
598181
598247
598424
598520
599084
599321
599609
599844
600288
601871
602117
602261
602627
602939
603074
603115
603172
603221
603237
603417
603486
603987
604624
604831
605014
605018
605203
605965
606066
606837
606945
607543
608168
608200
608238
608255
608340
608372
608383
608584
608595
608649
608654
608910
609996
610059
610099
610660
610762
610916
611130
611382
611569
611810
611909
612304
612580
612702
612804
612918
613324
613383
613437
613481
613501
613508
613656
613894
614145
614277
614358
614524
614731
614990
615226
615485
616459
616649
616897
617093
617393
617639
617828
617952
618032
618080
618325
618328
618484
618544
618673
618829
618959
619353
619538
619691
619714
619822
619995
620025
620208
620381
620388
620454
620533
620664
620984
621234
621269
621270
621454
621594
621798
622006
622008
622033
622071
622536
622554
622620
622927
623045
623049
623432
623598
623608
624027
624603
624694
624720
625068
625772
625824
625828
625844
625846
625850
625851
625856
625858
625864
625931
625941
626052
626104
626217
626227
626249
626327
626417
626652
627338
627557
627607
627725
627799
628036
628338
628401
628413
628464
628471
628516
628538
628879
628892
629252
629294
629399
629513
630222
630308
630348
630357
630626
630677
630740
631497
631574
631977
632030
632072
632096
632118
632194
632199
632257
633062
633137
633458
633557
633794
633857
634256
634298
634558
634628
634630
634650
634674
634683
634734
635033
636008
636239
636317
637578
638108
638780
638784
640076
640367
640717
640741
640930
641272
642331
643060
643078
643766
643873
643894
643979
644030
644055
644092
644367
644390
644560
644561
645093
645268
645425
646166
646348
646355
646440
646658
646703
646817
646966
647171
647615
647636
647871
648405
648703
648729
649064
649106
649437
649712
649889
650147
650269
650708
650863
650910
650997
651277
651500
652248
652249
652413
652599
652971
652978
653073
653200
653398
653427
653528
654436
654522
654563
654590
654599
654624
654748
654806
654825
655501
655522
655608
656026
656404
658015
658812
659049
659190
659220
659259
659308
659561
659902
660011
660767
660986
661195
661650
661975
662059
662259
662421
662585
662599
662603
662796
662811
662886
662961
663339
663441
663474
663987
664014
664149
664467
664502
665327
665483
665763
665811
665932
666220
666892
666957
667065
667089
667469
667496
668207
668902
669472
669832
671020
671053
671163
671364
671384
671398
672472
672760
673042
673806
673975
675294
675697
675891
675970
676081
676300
676414
676447
676462
676645
676801
676959
676973
676978
677217
677238
677418
677619
678465
678468
678500
678657
678756
679490
679747
680078
680080
680155
680258
680349
680613
680685
680739
680823
680873
680949
681220
681699
681945
682389
682641
683069
683622
684171
684407
685373
685502
685636
686590
686613
687346
687486
687493
687854
688264
688330
688655
688707
688718
688991
689370
689571
689685
689746
690170
690406
690564
690642
690671
690884
691334
691343
691748
692036
692123
692933
693290
693388
694082
694139
694175
694193
694524
694601
694679
695009
695040
695050
695052
695070
695427
695679
695850
696177
696333
696745
696957
697707
697714
697902
698041
698130
698157
698184
698195
698219
698227
698233
698559
698576
698667
698988
699584
700248
700569
700942
701024
701348
701374
701442
701468
701668
702452
702482
702536
702605
703253
703810
703828
703858
704204
704551
704563
704692
704983
705124
705208
705271
705286
705571
705606
705694
705986
706360
706717
706935
707109
707429
707837
707980
708117
708125
708169
708669
708678
708752
708816
708850
708859
708880
708913
709360
709401
709482
709763
710039
710060
710067
710133
710237
710402
710531
710724
710827
710949
710960
711403
711518
711523
711605
711623
711626
711644
711677
711881
711900
711918
712043
712268
712387
712621
713045
713194
713562
713660
713762
713811
713912
713980
714035
714046
714135
714255
714354
714422
714954
715059
715089
715257
715619
715773
715821
715833
715919
715953
715971
716386
716486
716798
718269
718396
718423
718428
718456
718505
718511
718532
718535
718675
718705
718763
718855
718856
718938
718973
718986
719061
719100
720386
720533
720657
721103
721309
721408
721872
721923
722192
722400
722402
722441
722446
722565
722849
722985
723924
724206
724299
724439
725163
725856
725857
726654
727049
727107
727431
728040
728157
728589
729249
729587
729647
730062
730692
731576
732241
732863
733208
733624
734330
735827
736200
736854
736949
737883
738269
738331
740076
740818
741162
741174
741504
741642
741779
741868
741959
742124
742343
742433
743174
743180
743222
743596
743629
743742
743901
744774
747860
747998
748265
748940
749114
749359
749667
749859
750116
750161
750162
750320
750981
751055
751315
751321
751427
751455
751758
751801
752461
752737
752993
753954
753994
754050
754660
754798
754868
754917
754927
754943
755045
755723
755756
755780
755942
756506
756600
757226
757318
757443
757897
758164
758168
759149
759262
760211
760319
760473
760509
760664
760703
760721
760780
761244
761279
761463
761468
761546
762262
762692
762801
762871
762915
763142
764227
765348
765373
765739
765766
765796
765900
765912
766069
766107
766244
766245
766310
766413
766728
766756
768344
769274
769319
769401
769403
769459
769493
769582
769616
769627
769643
769720
769741
769743
769782
769791
769821
769826
769891
769897
769921
769962
769965
769998
770040
770076
770167
770245
770390
770418
770435
770521
770726
770730
770733
770824
771430
771808
771895
772849
773268
773496
773499
773523
773527
773583
774015
774285
774298
774763
774886
775031
775321
775958
776036
776237
776411
776870
776933
777032
777121
777314
777554
777831
777899
778015
778073
778204
778261
778264
778456
778513
778671
778752
779586
780244
780339
781051
781458
781816
782221
782580
782722
782896
783361
783437
783477
783745
783779
783841
783895
783958
784266
784524
784561
784576
784809
785014
785057
785293
785323
785399
785533
785712
785772
785926
785973
786821
787311
787442
787531
787897
788209
788873
789039
789225
791709
791843
791978
792077
792254
793401
793436
793663
793761
793764
793800
793888
794230
794310
794464
794535
794694
794717
794751
794814
794867
794937
795242
795247
795783
795834
796038
796069
796446
796448
796650
796780
796811
796837
796913
796957
797164
797417
797498
797991
798109
798550
798554
798562
798566
798568
798577
798586
798601
798610
798611
798637
798643
798679
798685
798688
798700
798712
798715
798736
798737
798745
798749
798754
798766
798800
798814
798839
798847
798949
798956
798958
798982
798988
798992
799000
799024
799036
799045
799048
799054
799057
799091
799099
799102
799109
799111
799117
799127
799135
799153
799156
799160
799165
799174
799177
799180
799183
799192
799196
799201
799243
799244
799249
799263
799264
799274
799276
799280
799282
799294
799297
799300
799303
799306
799315
799317
799321
799342
799348
799354
799363
799384
799387
799399
799402
799405
799414
799433
799434
799447
799450
799451
799488
799495
799519
799562
799570
799573
799579
799585
799621
799624
799631
799633
799636
799645
799651
799696
799703
799736
799744
799756
799762
799766
799767
799771
799781
799794
799818
799820
799825
799832
799861
799870
799877
799880
799887
799899
799906
799907
799922
799924
799929
799930
799933
799942
799943
799954
799966
799969
799978
799981
799984
799987
800081
800083
800101
800104
800110
800113
800116
800120
800122
800129
800137
800143
800155
800161
800167
800168
800173
800176
800179
800188
800194
800195
800198
800209
800212
800215
800225
800254
800260
800266
800269
800274
800284
800309
800323
800324
800332
800335
800344
800353
800356
800366
800386
800392
800397
800401
800404
800425
800428
800431
800443
800450
800455
800462
800464
800470
800483
800486
800494
800524
800596
800597
800605
800606
800611
800614
800620
800630
800632
800647
800650
800653
800659
800672
800674
800731
800734
800740
800758
800759
800764
800773
800791
800794
800803
800812
800827
800836
800839
800845
800901
800923
800944
800947
800953
800956
800968
800971
800974
800992
801004
801008
801010
801013
801020
801025
801031
801034
801050
801058
801082
801088
801097
801106
801109
801115
801118
801120
801124
801136
801159
801163
801172
801173
801176
801181
801187
801218
801221
801244
801247
801273
801296
801311
801345
801381
801493
801657
801696
801732
801754
801760
801794
801808
801823
801852
801876
801885
801921
802080
802966
803470
803799
803857
804006
804026
804246
805136
805182
805217
805362
805974
806214
806439
806445
806492
806533
806559
806613
807264
807366
807375
807420
807522
807579
807908
807929
808073
808191
808327
808340
808352
808449
808472
808478
809126
809325
809562
809607
809719
809851
810076
810229
810904
811133
811183
811591
811741
812196
812217
813072
813174
813199
813968
814003
814204
815146
815765
815904
815932
815956
816075
816521
816576
816738
817541
817706
817868
818294
818546
819515
820351
820411
820717
821023
821368
821371
821386
821443
821470
821656
821686
822490
822889
823023
823201
823454
823734
824112
824825
824831
825266
825407
825551
825593
825995
826499
826727
826779
826912
826953
826971
827148
827355
827427
827548
827630
827706
828621
829028
829030
829031
829038
829068
829503
830199
830265
830275
830562
830586
830589
830645
830715
830826
831093
831156
831366
831918
831921
832038
832109
832143
832285
832782
833019
833453
833766
833842
834215
834292
834299
834690
835845
835926
836276
836639
836660
836663
836730
837443
837639
837899
837900
837907
838151
838157
838178
838874
838918
839288
840840
841302
841377
841421
841720
841905
842590
843238
843546
843858
843864
845605
846548
846570
846833
846992
847460
847610
847781
848171
848417
848429
848495
848737
848838
848866
849011
849036
849171
849182
849327
849890
850515
850563
850587
851079
851798
852219
852413
852752
852839
852956
853352
853493
853553
853565
853595
854207
854921
854948
855008
855302
855598
855825
855975
856115
856401
856461
856547
856554
856578
856584
857478
857568
857605
857676
857736
857797
858414
859521
859824
860181
860310
860328
860619
860678
860679
861011
861125
861184
861230
861287
861765
862051
862215
862224
862539
863037
863082
863304
863406
863412
863507
863607
863645
863707
864551
865424
866096
866477
867864
868008
868785
869313
869412
869807
869963
871633
873141
873246
874221
875434
875532
875718
875742
875850
876945
877404
877521
877528
877611
878511
878622
878834
878835
878863
879215
879489
880030
880089
880104
880236
880244
880393
880477
880546
881716
882052
882751
882943
882964
883174
883291
884125
884525
884845
885057
885307
885997
886078
886291
887053
887824
887857
888376
888693
889102
889183
889570
889717
890524
890947
891319
892535
893651
893720
894277
895056
895643
895870
895892
895914
895956
896476
896727
896732
896761
896823
897013
897124
897430
897755
897761
897795
897815
897885
897920
897930
897951
898029
898093
898181
898277
898808
898837
900142
901050
901350
901683
901924
902029
902662
902673
903126
903204
903498
903664
903771
903804
903875
904052
904067
904131
904245
904263
904370
904506
904744
904791
905025
905085
905217
905544
905568
905950
906242
906418
906551
906624
906771
906784
906788
906852
906912
906931
907319
907438
907830
907900
907907
907951
907958
907995
908003
908185
909387
909413
909552
909664
909850
910045
910304
910543
910574
910852
911183
911382
911502
911799
911934
912006
912369
912513
912584
912804
912879
913102
913114
913306
913342
913395
913426
913429
913447
913588
913774
913783
913792
913804
913834
913867
913943
914056
914068
914283
914425
914620
914652
914665
914705
914791
914795
915342
915348
915592
915652
915714
915998
916029
916378
916782
916813
916816
916903
916938
916946
917194
917470
917560
