9710
10027
10038
10325
11072
11618
11738
11753
11930
12017
12122
12328
12485
12578
12728
12839
12914
13006
13043
13145
13189
13313
13708
14847
15518
15880
16009
17349
17715
18966
19019
19023
19470
20206
20220
20268
20442
20520
20568
20592
21007
21051
21325
21461
21560
21610
21662
21881
22025
22280
22375
23234
23630
23683
23766
23961
24286
24355
24379
24448
24823
24836
24888
25105
25108
25246
25341
26010
26161
26272
26596
27032
27154
27397
27441
27663
27781
27816
27832
27850
28614
29027
29038
29064
29096
29111
29154
29266
29269
36302
36383
36518
36690
36721
36837
38081
38800
38956
40029
40179
40245
40329
40479
40554
40571
40699
40720
40771
40829
40983
41124
41182
41298
41424
41463
41506
41543
41637
41733
41766
41858
42438
42717
42723
42726
42929
43179
43688
43708
43774
44008
44032
44098
45178
45304
45307
45660
45853
46755
46916
47197
47948
48506
48696
48881
48887
49026
49031
50611
50820
50893
51262
51316
51528
51746
51921
51976
52035
52083
52327
52615
53037
53815
53853
54133
54925
55182
55192
55231
55275
55537
55659
55693
56050
56131
56654
56974
57115
57450
57675
57742
57880
57904
58112
58174
58647
59199
59500
59969
60386
60420
60504
60551
60616
60789
60793
60829
60917
60945
61024
61025
61070
61103
61105
61179
61197
61304
62445
62709
62830
62852
62879
62891
62919
63024
63039
63048
63053
63083
63113
63138
63243
63284
63305
63891
65145
65171
65204
65309
65315
65450
65468
65480
65585
65858
66503
66584
66717
66852
66889
67108
67256
67361
67843
68817
69128
69355
69648
70006
70394
70420
70525
70774
71161
71276
71494
71553
71569
71621
72141
72233
72420
72522
72594
73226
73337
73359
73641
73943
73963
74303
74852
74963
75084
75091
75576
75822
76491
76662
76676
76725
76953
77034
77073
77094
77154
77328
77658
77713
77736
77835
78183
78234
78288
78624
78682
78705
78963
79041
79121
79329
79359
79632
79876
79997
80052
80186
80327
80573
80678
81136
81826
82087
82276
83152
83470
83602
83659
83662
83713
84532
84718
84736
84976
84985
85060
86293
86344
86455
86489
86508
86518
86533
86773
86784
86817
87045
87046
87294
87526
87995
88022
88152
88154
88289
88391
89194
90193
90202
90223
90385
90685
90695
91802
92062
92119
92395
92780
92818
93388
93411
93731
93929
94857
95078
95610
96372
97345
97676
97750
98301
98470
98568
98703
98853
98862
98907
99630
99753
100153
100295
100878
101507
101581
102116
102140
102209
103296
103586
104099
104242
104372
104383
104384
104459
104490
104512
104537
104809
104819
104834
104915
104953
105583
105610
105621
105670
105811
105865
105868
105898
105979
106396
106546
106651
107136
107326
107438
107704
107825
107862
108114
108149
108239
108357
108366
108408
108534
108557
108645
108822
108951
109050
109135
109197
109482
109488
109500
109506
109544
110152
110335
110627
110641
110917
111115
111304
111699
112452
112454
112457
112736
113336
113689
113697
113971
114016
115202
115305
115637
115719
115894
116084
116102
116107
116168
116257
116701
116704
116707
116766
116832
116947
117246
117726
117786
118304
118815
118905
118944
119248
119450
119490
119614
119918
119934
119958
119961
120122
120170
120867
121110
121333
121376
121541
121643
122010
122705
123023
123635
124298
124456
124595
125022
125762
126080
126272
126675
126921
127025
127605
127620
127625
127679
128244
128248
128435
128513
128515
128879
128957
129254
129308
129324
129461
129488
129943
131783
131840
132333
132460
132489
132663
133107
133590
133654
134090
134485
134692
134872
135796
135971
136064
136976
137126
137232
137392
137788
137882
138167
138334
138835
139115
139949
140063
140383
140633
140884
141207
141215
141227
141579
141987
142133
142181
142186
142508
142721
142825
142980
143147
143354
143387
143491
143627
143722
143723
143749
143756
143764
143771
143789
144448
145073
145108
145399
145474
145486
145735
145751
145980
145998
146085
146099
146114
146169
146248
146288
146891
146950
147143
147245
147314
147384
147397
147789
148172
148327
148936
148999
149026
149059
149137
149353
149389
149400
149762
149857
149872
150200
150465
150492
150809
151117
151197
151865
151921
151963
151976
152021
152073
152171
152423
152483
152612
152690
152705
153155
153271
153650
153657
153732
153787
154001
154142
154160
154235
154842
154926
155109
155210
155632
155828
156017
156194
156266
156533
156572
156652
156776
157270
157331
157617
157763
158114
158200
158591
158707
158986
159067
159079
159226
159412
159902
159931
159953
159957
160020
160509
161463
161757
161840
162271
162680
163121
164792
164851
164975
166550
166703
167397
167650
167680
167779
167794
167821
167924
167975
168129
168254
168279
168454
168633
168653
168659
168711
168731
168747
168775
168802
169818
169893
170152
170179
170259
170308
170311
170372
170413
170442
170593
170676
170790
170868
171495
171678
171924
171948
172494
172657
172681
172962
173028
173043
173196
174535
175109
175160
175316
175409
175439
176261
176546
176636
176684
177287
177622
178099
178447
178531
178570
178930
179083
179110
179146
179218
179233
179266
179290
179854
179872
180100
180168
180244
180255
180298
180312
180372
180607
181705
182137
182643
182700
182892
182901
183393
183726
183810
183889
184020
184343
184747
185421
185443
185754
185762
186403
187142
187714
187957
188032
188077
188191
188500
188904
188905
189113
189223
189661
189673
190032
190128
190641
191232
191613
192398
192399
192441
192819
193122
193513
193539
195698
195718
195938
196404
196454
196455
196478
196492
196633
196686
196705
197035
197121
197581
197588
198241
198501
198512
198611
198672
198782
199006
199856
200008
200227
200276
201003
201237
201350
201456
201932
202184
202238
202296
202943
203030
204186
204404
204458
204507
204515
204923
204924
204995
205079
205517
205559
205855
206083
207171
207568
207859
208024
208543
208607
208648
208858
208870
208879
208915
209056
209191
209271
209402
209607
210621
211191
211270
211332
211581
211895
212014
212351
212549
212764
212803
212877
213376
213397
213710
213883
214378
214467
214711
214744
215068
215181
215467
215593
215989
216051
216250
216513
216902
216962
217082
217206
217694
218315
218557
218624
218663
218741
219119
219215
219635
220496
220618
220704
227049
227057
227168
227201
227328
227387
227531
227716
227881
228112
228232
228645
228847
229294
229968
231527
231893
232081
232528
232531
232715
232792
233383
233587
234165
234196
234280
234991
235857
235881
235882
235927
235931
236554
237189
237444
237498
237656
237832
237911
238040
238097
238131
238609
238699
238785
238786
238829
238875
239097
239223
239775
239837
239955
239988
239994
241383
241409
242023
242398
242773
242880
243003
243609
243768
243780
243846
244064
244090
244485
244700
244732
244831
245200
245284
245747
245748
245946
246973
247789
247894
248159
248980
249928
249997
250789
251145
251548
251742
251833
252161
254006
254064
254142
254281
254349
254742
254815
254834
255127
255173
256651
256767
256925
256941
256942
256961
257565
258071
258153
258269
258456
258511
258513
258516
258593
258617
258763
258892
258945
258961
258965
258971
258973
258984
259158
259235
259330
259417
259419
259438
259540
259543
265684
265775
265831
266529
266659
267213
267399
267446
267510
267598
268490
268619
269291
269578
270164
271006
271115
271265
272267
272420
272471
272699
272858
273404
273736
273857
273866
273942
274050
274155
274162
274352
274920
274973
275024
275372
275880
275994
276131
276137
276150
276412
276555
276763
277633
277803
277874
278176
278429
278475
278630
278769
278797
278934
279383
280261
280550
280562
280680
280796
280862
281257
281258
281281
281670
282015
282024
282099
282495
282657
282738
283018
283056
283092
283424
283561
283654
283880
283935
285685
285718
285772
286036
286327
286468
286708
286879
287110
287997
288039
288119
288273
288303
288304
288484
288651
288693
288943
288970
288980
288990
289069
289530
290197
290233
290536
290804
291425
291976
292212
292338
292541
292546
292600
292680
292797
292870
292922
292991
293057
293297
293549
293630
293761
293954
294623
295028
295058
295988
296843
297266
297602
297966
298123
298189
298349
298678
298759
298771
299050
299081
299182
299389
299452
299505
299524
299581
299698
299792
299901
300001
301323
301324
301332
301549
301568
301589
301803
301834
301951
301964
301999
302062
302075
302077
302305
302360
302559
302626
302629
302648
302657
302699
302714
302763
302842
302955
302972
303066
303071
303148
303237
303241
303256
303262
303287
303295
303343
303395
303413
303465
303537
303744
303954
304081
304221
304314
304384
304737
305499
305500
305677
305801
305854
305881
306932
307275
307364
307382
307537
307594
307854
307919
307943
308284
308477
308634
308690
308805
308850
309226
309343
309408
309476
309686
310769
311036
311054
311099
312029
312299
312473
312596
312686
312860
312887
313265
313283
313313
313334
313595
313940
314009
315177
315344
315436
315524
315559
315851
316150
316189
316854
316919
316923
317069
317232
317493
317687
317892
318400
318817
318982
319000
319018
319087
319306
319416
320188
320428
320692
321222
321309
321867
322002
322122
322187
322704
322823
322869
323577
323896
324185
324467
324761
324914
325202
325371
325481
325620
325664
325701
325963
326267
326278
326506
326660
326661
326673
326680
326686
326898
327003
327005
327053
327193
327258
327347
327511
327556
327761
327875
327935
327936
328054
328087
328094
328168
328340
328416
328531
328557
328641
328805
328908
328922
329121
329137
329185
329298
329578
329654
329701
330681
330864
331253
331320
331400
331895
331937
332522
332540
332939
332992
332993
333434
334070
334196
334381
334509
335007
335092
335310
336456
336492
336564
336567
336591
336720
336747
337074
337075
337088
337090
337453
337526
337611
337627
337786
337975
338226
338408
339008
339377
339813
339902
339903
339966
340020
340279
340500
340534
340549
340550
340559
341287
341318
341571
341632
341930
341973
342265
342611
342848
342983
343245
343406
343418
343713
343730
343970
344182
344211
344225
344282
344710
344769
344938
344959
345046
345073
345172
345232
345288
346363
346559
346636
346741
347192
347244
347440
347512
347572
347585
347777
347803
348121
348445
348478
348625
348664
348700
348793
348823
349147
349443
349572
349590
349747
349779
350008
350442
350451
350454
350507
350589
350775
351500
351617
351938
352027
352034
352403
352751
352781
352907
353413
353708
353774
353889
353932
354284
354317
354427
354614
354629
354704
354720
354791
355034
355592
355801
356064
356546
356805
356897
356920
357539
357644
357683
357725
358229
358555
358898
359006
359111
359116
359576
359966
360466
360531
360769
361006
361594
361627
362051
362183
362403
362570
362595
362890
363091
363144
363224
363243
363277
363362
363386
363408
363574
363700
363701
363715
363721
363796
364063
364339
364419
364531
364538
364635
364682
364711
364733
365326
365492
365525
365654
366249
366315
366457
366558
366810
367600
367690
367789
367870
367953
368400
368409
368442
368496
368695
368716
369025
369040
369229
369259
369384
369478
369535
369657
369692
369786
369831
369847
369865
369891
370704
370736
371446
371554
372688
372958
373012
373340
373790
373845
373903
373990
374119
374440
375026
375149
375505
375650
375760
375874
375892
375969
376489
376637
376667
376702
377622
377646
377735
378218
378287
378485
378520
378523
378659
378683
378692
379232
379407
379421
379470
379589
379629
379638
380638
380929
380952
381293
381522
381896
382290
382389
382584
382749
382847
382897
383249
383276
383344
383378
383409
383723
383960
384269
384458
384578
384692
384983
385232
385445
385559
385751
385766
385925
386954
386957
387239
387619
387747
387954
388386
388424
388832
388996
389242
389243
389275
389341
389411
389479
389585
389683
389690
389749
389803
389867
389935
390133
390352
390400
390744
391082
391457
391464
391731
392135
392314
392544
393180
393237
393470
393511
393604
393971
395185
395928
398452
399052
399103
399856
399955
399991
401176
401307
401604
401612
402177
402720
402843
402876
403281
403324
404101
404155
404173
404406
404586
404589
404600
404673
404760
405577
405578
405625
405662
405666
405695
405713
405716
405772
405845
406051
406111
406115
406260
406293
406379
407477
407573
407916
408191
408483
408615
408724
409155
409209
409314
409495
410015
410546
410699
410850
410985
410992
411167
411506
411750
412877
413249
413321
414714
415550
415575
415599
415663
415693
415733
415916
415997
416243
416297
416852
416935
417154
417162
417239
417502
417692
417696
417699
417710
417729
417736
417744
417762
417795
417889
417917
418007
418042
418045
418082
418114
418240
418420
418437
418450
418478
418484
418557
418592
419197
419215
419495
419604
419859
420047
420076
420087
420137
420411
420547
420565
420567
420753
421692
422076
422583
422622
422787
423225
423518
423550
423561
423575
423621
424205
424421
424448
424451
424553
424821
425011
425338
425500
425578
425596
425770
425780
426191
426361
426388
426400
426519
426888
426992
427568
428925
429084
429555
429746
429797
430040
430055
430301
431069
431655
431663
431789
431999
432278
432329
432387
432497
433097
433272
434210
435951
436647
436888
436893
437295
437307
437586
437703
437742
437995
438100
438300
438811
438816
439035
439080
439382
439486
440337
440636
440773
440811
440992
441384
441565
442040
442059
442136
442181
442233
442711
442773
442819
442879
443543
444175
444760
444887
444941
446028
446407
446412
446547
447300
447420
447536
447634
447726
447876
447938
447949
448182
448230
448816
448827
449888
450377
450832
451175
451279
451403
451502
451532
451813
451982
452365
452576
453044
453048
453095
453704
454401
454470
454488
454566
454753
454884
454965
455178
455563
456385
456493
457395
457416
457610
457769
457802
457827
458640
458701
458800
458813
458827
458835
458919
459093
459536
459585
459961
460340
460668
460760
460910
460981
460988
461012
461507
461559
461622
461802
461966
462389
462522
462556
462944
462993
463107
463188
463360
463393
463432
463789
463842
464241
464259
464330
464478
464499
464655
464736
464916
465661
465795
465796
465870
466266
466521
466523
466560
467066
467353
468402
469455
469730
469760
470150
470300
470903
471378
471407
471887
472037
472117
472187
472738
473429
474358
474402
475232
475292
475310
475397
475985
476530
476602
476950
476966
477199
477263
477332
477368
477682
479301
479516
480335
480510
480609
480693
480963
481140
481261
481347
481477
481941
481949
482720
483653
483702
483709
483713
483723
483726
483804
483939
484159
484558
484574
484617
484649
484753
485003
485258
485567
485863
486416
486628
486841
487183
487454
487507
487661
487781
488579
488751
488899
489241
489253
489433
489580
489622
489703
489897
491265
491320
491476
492001
492196
492226
492334
492887
492890
492899
494193
494538
494596
495218
495468
495615
495703
495960
496005
496048
496273
496369
496918
497133
497449
497645
497990
498089
498133
498203
498315
498348
498359
498404
498575
498596
498623
498674
498695
498782
498812
498905
498923
498935
498959
499374
499401
499427
499487
499580
500417
500795
500843
500915
501073
501677
501680
501702
501897
502581
502676
502677
502959
503337
503402
503634
503886
504423
504535
504568
504587
504592
504631
504755
505294
505298
505396
505431
506054
506138
506164
506715
506915
507219
507323
507737
507764
507796
508130
508385
508421
508712
509108
509291
509360
509507
509573
509627
509690
509720
510159
510433
510710
511436
511752
511793
511832
511883
511946
512166
512222
512285
512345
512684
512888
512993
513067
513337
513451
513533
513641
513972
514468
514671
514746
514842
514893
515049
515130
515157
515211
515542
515610
515762
515792
515871
515876
515878
515879
515888
515936
515987
515996
516182
516245
516567
516590
516753
516896
516986
517291
517356
517400
517455
517470
517497
517826
518217
518385
518451
518569
518619
518677
518730
518763
519005
519057
519060
519347
519354
519405
519453
519533
519605
519859
519900
520090
520252
520281
520329
520340
520387
520395
520461
520469
520562
520587
520673
520674
520751
521061
521285
521578
521902
521976
522333
522440
522441
522558
522696
522742
522774
522893
522921
523005
523035
523100
523107
523127
523146
523178
523217
523285
523461
523695
523893
523926
524025
524097
524108
524142
524214
524262
524315
524415
524471
524475
524916
525014
525042
525211
525342
525363
526524
526527
526594
526608
526673
526931
527102
527371
527380
527412
527451
527493
527516
527527
527528
527674
527703
527865
528054
528079
528090
528206
528212
528238
528240
528294
528419
528592
529048
529079
529415
529501
529552
530040
530065
530461
530826
531256
531481
531496
531601
531940
531982
532114
532347
532520
532544
532675
532679
532698
532699
532705
532726
532765
532827
532850
532864
532929
532976
533150
533216
533382
533657
533727
533959
534277
534427
534459
534595
534637
534864
534867
534987
535057
535096
535121
535193
535214
535439
535535
535578
535775
535946
535983
536134
536146
536197
536205
536213
536258
536319
536349
536450
536754
536784
536859
537036
537549
537744
537804
538192
538298
538389
538409
538606
538706
538733
538941
539030
539056
539286
539637
539861
540238
540365
540379
540546
540568
541110
541111
541145
541339
541344
541358
541389
541559
541560
541736
541749
541763
542100
542121
542175
542232
542367
542592
542664
542709
542838
542886
542895
543063
543489
543497
543498
543678
543947
543997
544063
544299
544305
544499
544514
544856
545438
545525
545732
545735
546124
546140
546154
546293
546387
546584
546739
547032
547117
547353
547371
548176
548225
548344
549229
549496
549839
550220
550679
550717
550791
551109
551347
551607
552348
552407
552625
552684
552727
552962
553018
553321
553367
553374
554047
554320
554411
554621
554650
554734
555461
555805
556121
556539
556564
556857
556992
557020
557104
557245
557670
557763
558042
558133
558396
558440
558471
559131
559378
559512
559609
560167
561052
561133
561569
561765
562367
562638
562662
562773
562814
562897
562903
562911
562914
562935
562993
563275
564235
564884
565133
565189
565223
565389
565408
565443
565570
565601
565643
565711
565735
565750
565863
565886
565929
566061
566265
566552
566556
566766
566831
567042
567077
567532
567576
567613
567634
567676
567711
567814
567902
568783
568986
569235
569496
569637
569684
569804
569872
569874
570052
570301
570754
570931
571237
571243
571287
571381
572025
572093
572114
572317
572787
573087
573399
573536
573839
573870
573886
574173
574257
574302
574311
574371
574533
574593
574683
574755
575166
575184
575523
575619
575685
575802
575934
576055
576061
576069
576303
576535
576558
576700
576818
576971
577712
578867
578888
578933
579255
579408
579497
579639
579644
579929
580071
581322
581355
581397
581474
582680
583031
583442
583463
583838
584634
584764
585044
585074
585197
585248
585548
585808
585909
586218
587309
587480
588509
588671
588842
589117
589328
589354
589381
589394
589399
589436
589450
589471
589487
589507
589590
589593
589661
589739
589894
590748
590779
590796
590807
590880
590964
591204
591539
591553
591560
593057
593157
593283
593336
593344
593432
593462
593500
593719
594208
594429
594492
594526
595106
595625
595735
596219
596267
596960
597289
597391
597615
597781
598243
598328
598378
598400
599573
599732
599749
600106
600110
600557
600626
601087
601098
601415
601451
601647
602821
602847
602855
602942
603652
603707
603825
603865
603916
604281
604663
605667
605760
605775
606243
606623
606888
607035
607269
607303
607539
607542
607558
607563
607602
607669
607705
607804
607867
607924
607960
608066
608176
608320
608350
608432
608620
608834
609102
609120
609198
609295
609958
610060
610067
610313
610487
610606
610829
611338
611660
611905
612932
613175
613948
614308
614466
614624
614633
614803
614804
614816
614917
614924
615005
615698
615971
616853
617060
617107
617606
617650
618062
618558
618804
618844
618892
618907
618941
619502
619747
620302
620439
620541
620548
620572
621546
622140
622305
622495
622567
622904
622971
623272
624219
624652
624805
624837
624870
626629
627176
627481
627664
627887
628090
628269
628399
628413
628424
629581
629684
629692
629701
629731
629839
630035
631366
631398
631768
632118
632180
632896
632908
632917
633067
633129
633214
633280
633358
633402
633444
633618
633876
634225
634368
635445
635478
635668
635880
637178
637414
637594
637987
638092
638491
638530
639544
639745
639808
639988
640000
640150
640153
640627
641230
641289
641368
641605
641914
642165
642356
642406
642581
642773
642776
643138
643219
643282
644527
645239
645469
645676
646524
646649
646794
646846
646983
647549
648208
649183
649250
649369
649517
649588
649927
650175
650341
650356
650463
650970
651114
651861
651879
652023
652047
652095
652362
652467
652686
652785
652902
653133
653327
653335
653620
653712
653760
653795
653876
653900
653907
653958
654025
654112
654135
654216
654301
654312
654348
654362
654465
654657
654678
654779
654804
654834
654897
654950
655192
655272
655536
655552
655817
655907
655951
656080
656275
656281
656453
656528
656530
656829
657146
657166
657465
657517
657611
657655
657674
657808
658070
658079
658243
658257
658315
658505
658570
658605
658648
659001
659010
659058
659208
659367
659388
660921
660972
662073
662112
662250
662526
662668
662699
662711
662810
662879
662962
663370
663412
663723
664174
664714
664724
664761
665124
665139
665417
665456
665666
665746
665795
666260
666344
666404
666505
666849
666885
666886
666924
666966
666987
667170
667353
667557
667995
668373
668587
668657
669083
669107
669267
669356
669359
669610
669624
669755
670056
670083
670091
670150
670277
670335
670527
670742
671089
671166
671533
672003
672013
672045
672217
672339
672487
672596
672610
672652
672914
673044
673212
673284
673338
673391
673689
674021
674097
674209
674466
674844
674964
675018
675105
675146
675204
675236
675714
676020
676163
676247
676264
676330
676339
676411
676443
676498
676632
676822
676851
676864
677014
677110
677179
677266
677719
678352
678353
678426
678595
678711
678799
678844
679150
679318
679385
679467
679490
679544
679593
679740
679830
680332
680726
680743
681346
681450
681516
681860
681865
681905
681928
682168
682728
682779
682941
683370
683477
683592
684468
684926
685208
685283
685287
685290
685381
685391
685432
686762
687236
687240
687341
687665
687872
688355
688364
688475
688640
688700
688796
689156
689309
689438
690155
690416
690901
691430
691543
692640
692659
692752
692874
692883
692988
693069
693111
693273
693907
694512
694515
694808
694928
695020
695368
695575
696271
696544
696571
696781
696859
696907
696985
697049
697171
697340
698191
698306
698648
698735
698855
699125
699212
699308
699344
699380
699461
699641
699737
699833
699984
699991
699992
700199
700310
700482
700502
700538
700714
700742
700769
701043
701135
701162
701230
701232
701245
701290
701345
701399
701458
701579
701642
701800
702051
702500
702716
703003
703015
703162
703363
703392
703618
703663
703771
703783
703874
703879
704016
704109
704282
704284
704315
704337
704560
705627
705963
706521
706728
706904
706949
707159
707160
707213
707223
707238
707296
707304
707683
707899
708354
708971
709212
709271
710293
710330
710520
710784
710807
710907
711159
711395
711416
711455
712034
712079
712199
713781
713805
714277
714536
715332
715476
716118
716290
716762
718246
718548
718621
718633
718785
718802
718888
718981
719047
719221
719269
720011
720160
720822
720931
720973
721063
721075
721077
721079
721115
721476
722145
722432
722546
722547
722635
722781
722946
723006
723346
723360
723572
723838
724222
724354
724416
724863
725260
725438
725454
725631
725897
726105
726408
726421
726888
726943
727247
727541
727947
728116
728250
728318
728414
728427
728481
728495
728613
728657
728697
728801
728992
729061
729072
729234
729640
730074
730326
730418
730429
730515
730965
731214
731483
731524
731539
731859
731907
732084
732126
732447
732457
732464
732514
732720
732852
733372
733794
733953
734196
734277
735342
735363
736183
736232
736274
736377
736426
736599
736788
736809
736851
736863
736887
737232
737329
737484
737904
737941
738147
739091
739283
739563
739698
740035
740643
740659
740662
740875
740941
741057
741285
741729
742138
742715
742952
743076
743622
743655
743673
743745
744113
744342
744402
744816
744823
744869
744922
746478
746700
746935
747498
747528
747569
748066
748318
748404
748835
749141
749186
749591
751213
751316
751653
752827
753226
753273
753440
753543
753576
753909
754087
754169
755095
755424
755748
755976
756002
756348
756576
756789
756803
757183
757522
757551
757697
758049
758401
758493
758568
758608
758926
759048
759221
759357
759402
759424
759661
759711
759726
759735
760248
760255
760302
760365
760599
760767
760904
760960
761030
761033
761038
761049
761056
761061
761108
761118
761121
761249
761431
761970
762515
762523
762804
763111
763117
763201
763357
763762
763823
763909
764050
764110
764239
764311
764369
764625
765124
765164
765537
765697
765894
765957
766035
766113
766137
766200
766557
766926
766938
766950
767195
767598
767906
768214
768259
768449
768857
768914
769123
769192
769699
769789
769903
770335
770518
770576
770755
770842
770861
770910
771055
771102
771536
771544
771678
772004
772129
772158
772342
772685
772937
773089
773889
774586
774595
775344
775348
776509
776545
776554
776559
776768
776918
777071
777185
777200
777266
777341
777491
777883
777939
778150
778161
778225
778890
779386
779455
779530
781117
781183
781232
781709
781730
781964
781967
782012
782052
782067
782081
782144
782175
782243
783388
783892
785028
785573
785586
786173
786816
787011
787596
787638
787803
787817
787938
788189
788444
789113
789139
789215
789292
790755
790813
791057
791335
791607
791799
791900
791901
792152
792272
792530
793635
793636
794204
794415
794478
794844
795342
795575
795987
796271
796489
796789
796912
796981
797299
797347
797569
797593
797641
797646
797893
797899
797923
797992
798022
798262
798480
798747
799031
799048
799081
799111
799214
799431
799435
799503
799713
800055
800758
800937
801020
801218
803202
804311
804364
