2718
2731
2734
4532
5035
5218
5237
6556
6652
6673
6694
6808
6843
7011
7014
28117
28278
28321
28352
28385
28402
28433
28458
28529
28556
28666
28672
28673
28812
29056
29228
30930
30987
30997
31000
31019
31072
31107
31151
31154
31391
32139
32271
32304
32493
32556
32650
32682
32947
33690
33741
33756
33867
34245
34573
34727
35223
35343
35607
35631
35697
35736
35796
35818
35970
36005
36048
36123
36313
36550
36838
36898
37092
37281
37294
37510
37511
37862
37893
37913
37922
38231
38338
38504
38514
38533
38762
39052
39064
39066
39381
39403
39708
39723
40523
40860
40913
41157
41456
41736
41739
42019
42119
42186
42304
42410
42413
42635
43004
43316
43382
43448
43565
43784
43850
43856
44588
44891
44935
44992
45024
45198
45686
45831
46372
46576
46669
46723
46846
46927
46966
47044
47206
47518
47845
47896
47908
48054
48115
48252
48526
48890
48935
49103
49373
49403
49458
49505
49604
49871
50204
50270
50354
50384
50411
50456
50498
50547
50960
50974
51026
51029
51095
51146
51371
51599
51951
52613
52632
52635
52670
52681
52849
53146
53836
53843
53851
54175
54198
54244
54508
55421
55426
55508
55525
55688
55793
55899
55901
55910
56144
56211
56285
56368
56480
57351
57625
58079
58487
58494
58522
58539
59145
59859
59979
60108
60267
60876
60912
61119
63646
63820
63869
64258
64465
64906
64915
64954
65134
65172
65557
65590
66546
66575
67032
67262
67296
67373
68155
68760
68875
68959
69005
69009
69112
69280
69289
69526
69555
69585
69587
69588
69697
69951
70269
70416
70522
70536
70632
70675
70686
70697
70723
71008
71023
71038
71714
71782
72862
72952
73478
73529
73542
73633
73641
73682
73721
73877
73937
74786
74790
74826
74843
74994
75073
75277
75388
75535
75598
75847
75907
75912
76030
76096
76297
76528
76840
77152
77674
78187
78271
78289
78346
78700
78787
78929
78970
78973
79012
79085
79177
79705
80326
80931
81327
81432
81436
81841
82244
82323
83452
83575
83604
83797
84896
85103
85396
85658
85663
85945
86164
86324
87005
87097
87114
87217
88212
88638
88833
88995
89862
89863
90070
90138
90528
91021
91110
91148
91314
91362
92037
92679
92767
92769
93310
93319
93322
93325
93403
93424
93733
93745
94235
94414
94496
94550
94578
94611
94682
94767
94787
95155
95305
96047
96079
96092
96197
96598
97859
97926
98347
98636
99107
99244
99606
99916
99929
99999
100687
100840
101202
101336
101423
101479
101482
101581
101991
102348
102420
102483
102606
103578
103632
103867
104343
104460
104469
104505
105028
105132
107505
107850
108084
108391
108426
108501
108813
108864
108869
109783
109984
110146
110200
110796
110981
111245
111344
111623
111986
112049
112085
112184
112433
112646
113812
114357
114589
114628
114842
115134
115167
115183
115335
115458
115590
115606
115659
115794
115906
115921
116178
116340
116457
116850
117369
117393
117510
117528
117600
117669
117678
118092
118116
118122
118131
118143
118653
118723
119019
119149
119381
119605
119642
119762
119777
119842
120061
120085
120115
120118
120277
120347
120405
120473
120485
120740
120895
120925
121322
121589
121730
121796
121824
121832
121901
122033
122159
122191
122298
122390
122451
122768
122795
123047
123140
123368
123374
123380
123707
123785
123842
123890
123926
124034
124181
124296
124313
124355
124375
124424
124494
124539
124583
124629
124646
124649
124657
124665
124668
124872
124972
125158
125214
125277
125286
125419
125895
126267
126553
126656
126897
127038
127062
127101
127764
127854
127871
127875
127881
127902
128137
128270
128697
128774
129023
129067
129471
129661
129693
130454
130625
130951
131539
131584
131590
131595
132426
132522
132552
132714
132723
132831
133080
133083
133134
133198
133361
133368
133429
133857
134089
134100
134185
134190
134414
134520
134531
134587
135156
136576
137132
137148
137794
138075
138340
138422
138591
139374
141180
141342
141510
141564
142166
142277
142544
143067
143599
143766
143848
144180
145627
145722
146242
147468
147795
148596
148818
149187
150753
150803
150921
150969
151122
151198
151380
151415
151501
151502
151503
151577
151763
151847
151983
152004
152016
152045
152274
152749
153013
153110
153235
153399
153474
153564
153762
153783
154086
154503
154766
154963
155428
155491
155541
156347
156355
156383
156393
156394
156469
156515
156518
156538
156552
156554
156584
156676
157099
157174
157339
157462
157504
157672
157675
157993
158380
158494
158843
158971
159086
159100
159225
159623
159724
159757
159798
159842
159894
160002
166420
166767
166848
166865
167070
168173
168203
168413
169689
170321
170564
170726
170945
171254
171927
171975
172027
172155
172431
173027
173245
173342
173375
173405
173642
173942
173960
174484
174727
174746
174827
175307
175311
175409
175444
175457
175523
175532
176295
176304
176847
177100
177116
177206
177217
177281
177450
177726
177857
177875
177911
178009
178024
178028
178032
178060
178182
178204
178224
178237
178266
178389
178475
178579
178654
178674
178705
178802
178905
178989
179051
179052
179055
179386
179402
179588
179610
179708
179709
179784
179796
179877
180197
180231
180327
180988
181107
181318
181556
181749
181752
181780
181806
181851
182184
182240
182308
182339
182380
182433
183815
183859
183865
183896
183904
183912
184378
184382
184397
184422
184537
184686
184723
184909
184918
185012
185014
185108
185109
185131
185138
185179
185226
185379
185431
185469
185646
185780
185827
185844
185879
185896
186330
186479
186499
186504
186554
186577
186579
186583
186648
186788
186819
186907
186936
186963
186974
186990
189687
189690
189700
189715
189717
189757
189909
189954
190109
190122
190148
190169
190880
191026
191697
191866
192469
192795
193131
193149
193329
193737
193807
194011
194241
194406
194436
194475
194499
194619
194625
194626
194781
194853
194952
195189
195456
195522
195585
195609
195672
195677
195750
196113
196233
196240
196331
196423
196477
196738
196747
196855
196891
196953
197042
197098
197153
197155
197194
197266
197350
197670
197694
197695
197826
197867
197878
197895
197951
197957
197983
198166
198185
198186
198190
198199
198204
198299
198307
198314
198321
198347
198384
198398
198418
198422
198467
198589
198815
198816
202647
202731
202776
202786
202840
202856
202906
202939
202945
202994
203031
203104
203117
