15424
15466
15467
15487
15654
15672
15717
15806
15923
15924
15937
15964
15995
16099
16146
16192
16296
16305
16311
16317
16331
16338
16486
16487
16528
16531
16532
16562
16772
16909
16960
17170
17307
17443
17503
17813
17845
17907
17988
18003
18007
18106
18150
18156
18183
18456
18480
18513
18771
18883
19117
19151
19164
19191
19212
19236
19419
19593
19608
19685
19686
19712
19759
19910
19941
20130
20154
20173
20224
20228
20305
20402
20427
20461
20672
20699
20706
20715
21019
21693
21712
21990
21995
22013
22019
22028
22054
22182
22201
22222
22436
22437
22438
22963
23110
23116
23159
23219
23505
23568
23598
23820
23845
23846
23900
24051
24110
24246
24473
24525
24552
25014
25161
25741
26245
26293
26344
26922
26965
27042
27061
28285
28293
28676
28858
29023
29075
29236
29323
29414
29440
29448
29789
29947
30156
30921
30927
30930
31498
31721
32069
32310
32394
32398
32511
32516
32640
32805
32929
33425
34011
34080
35024
35875
35890
36477
36707
36777
36792
36882
36987
37014
37015
37050
37155
37163
37448
37449
37450
37588
37738
37750
37762
37831
38053
38224
38281
38419
38539
38737
40379
40454
40674
40839
40943
41037
41301
41556
42591
44826
45670
45892
46284
46290
46301
46556
46645
46660
46669
46912
46957
46972
46986
47240
47422
47602
47603
47604
48027
48721
49420
49452
49459
50201
50774
50819
51035
51883
51952
52130
52164
52186
52232
52330
52473
52531
52553
52562
52599
52657
52676
52701
52725
52829
52945
53380
53713
59342
59513
59584
60106
61898
62349
62806
62941
63403
63445
63798
63864
63886
63918
64212
64608
64683
65049
65254
65606
66069
66235
66267
66534
67183
67209
67429
68086
68533
68597
68753
68852
69317
69569
70056
70065
70180
70306
70524
70613
70654
72961
73408
73453
73549
73600
73691
73753
73852
74146
74150
74214
74484
74564
74681
74839
75002
75672
75731
76249
77035
77584
77641
77809
77946
77947
78040
78070
78073
78130
78156
78276
78400
78691
78945
78954
79021
79063
79186
79230
79239
79255
79411
79441
79537
79672
79830
79900
80393
80407
80439
80454
80469
80488
80494
80500
80510
80525
80552
80630
80686
80899
80906
80907
80916
81061
81147
81172
81186
81190
81207
81841
82168
82255
82321
82460
82591
82663
82798
82969
83511
83524
83596
83840
84153
84378
84397
85096
85446
85595
85737
85799
86081
86087
86114
86166
86291
86330
86360
86369
86760
86764
86783
86879
87288
87317
87470
87559
87580
87661
87705
87824
88002
88298
88362
88557
88808
88820
89489
89561
89579
89702
90038
90143
90146
90952
91004
91483
92102
92601
92789
92960
93019
93073
93142
93274
93301
93314
93341
93488
93654
93814
93920
93954
94031
94032
94212
94268
94502
94565
94617
94628
94669
94728
94846
95421
95555
96229
97517
97572
97693
97951
97953
97987
98431
98459
99254
99276
99470
99557
99587
99709
100366
100389
100544
100583
100678
100762
100782
101108
101198
101560
101577
101723
101783
101803
102272
102476
102860
103352
103496
103512
103524
103548
103648
103858
105183
105218
105323
105420
105469
105481
105494
106133
106190
106406
106844
106937
106973
106982
107039
107111
107239
107453
107633
107894
107971
108039
108098
108155
109073
109196
109261
109375
109409
109487
109496
109497
109504
109508
109509
109677
109736
110400
110463
110481
110807
110997
111070
111092
111105
111423
111480
111638
111735
111778
111825
111878
111976
111977
112031
112061
112063
112068
112137
112192
112202
112278
112335
112339
112353
112401
112403
112405
112468
112795
112796
112804
112814
112823
112888
113003
113056
113064
113187
113209
113215
113252
113263
113404
113425
113466
113510
113713
114118
114649
114858
115210
115234
115378
115422
115852
116205
116251
116274
116312
116328
116396
116401
116599
116613
116647
116734
116824
116935
116960
117154
117478
117481
117484
117535
117547
118518
118640
118658
118865
119110
119140
119171
119524
120216
121057
121120
121160
121203
121719
122858
123453
123974
123990
125283
126061
126853
127004
127006
127022
127331
127390
127858
128659
129090
129103
129657
129660
129681
129828
130140
130807
130865
131673
131696
131736
131959
132368
132427
132631
132841
132955
132973
133031
133108
133477
133716
134134
134491
134715
134779
134920
134932
135409
135677
135681
135772
136027
136285
136300
136474
136834
137313
137371
137383
137431
137945
138182
138279
138657
138678
138705
138768
139014
140166
140300
140556
140584
140612
140731
140797
140867
141078
141153
141374
141870
142017
142077
142500
142998
143145
143164
143752
143770
143974
144049
144189
144233
145756
145862
146262
146275
146307
146317
146353
146401
146588
146796
146801
147401
147547
147585
148018
148027
148048
148120
148252
148300
148847
149413
150225
150398
150620
150668
150671
151037
152141
152142
152229
152303
152304
152838
153346
153729
154004
154399
154511
155096
155252
155484
155912
156073
156373
156509
156511
156825
156924
157014
157169
157511
157515
157560
157577
157665
157677
157753
157806
157893
158132
158461
159242
159350
159665
160354
160381
160402
160435
160486
160756
160951
161156
161206
161617
161675
162127
162129
162493
162577
163192
163290
163609
163665
163815
163852
164032
164250
164389
164577
164732
164733
164844
165496
166067
166428
166909
168034
168057
168081
168099
168618
168861
169017
169694
169739
169816
169842
169954
170000
170350
170369
170451
170609
170730
170741
171035
171251
171641
171923
171967
171984
172007
172462
172558
172820
173020
173105
173735
173951
173985
174459
174475
174494
174521
174540
174569
174624
174688
175217
175467
175770
175892
175946
175979
176054
176084
176153
176285
176423
176573
176622
176892
176939
176946
177042
177752
178246
178531
178573
178655
178716
178813
178944
178986
179121
179135
179159
179190
179265
179379
179683
179688
179978
180421
180545
181545
181615
181616
181770
182021
182119
182158
182197
182230
182242
182260
182284
182314
182881
183331
183477
183574
183669
184013
184185
184390
184411
184414
185335
185813
185833
186131
186152
186651
186933
187415
188098
188127
188176
188230
188332
188452
188839
188842
188905
189070
189328
189387
189389
189814
189856
190161
190180
190914
190951
192023
192526
192599
193426
193629
193664
193884
193924
193932
193985
194032
194047
194055
194091
194145
194179
194235
194287
194291
194358
194410
194414
195645
196197
196413
196538
197186
197276
197429
197675
198146
198205
198396
198428
198564
198577
198620
198624
198641
198756
198763
198943
199425
199439
199541
199567
199705
200473
201651
201684
201724
202626
202845
202861
203037
203096
203154
203251
203254
203607
203682
203798
203913
204077
204107
204524
204536
204555
204563
204575
204725
204825
204960
204962
204986
205086
205227
205269
205551
205758
205906
205974
206077
206137
206358
206681
206784
206823
206874
206979
207072
207274
207285
207288
207333
207372
207426
207453
207525
207564
207765
207798
207908
208056
209042
209884
210240
211678
212681
212700
213460
213497
213601
213608
214160
214223
214438
214500
214616
214663
214673
214721
214730
214737
214746
214840
214850
214864
214867
221077
221093
221139
221188
221206
221229
221232
221396
222010
222227
222460
222469
222641
223075
223100
223495
223541
223719
223732
223770
223775
223880
224006
224012
224058
224095
224270
225332
225620
225645
225676
226203
226236
226353
226485
226566
226581
226605
226740
226803
226832
227490
228126
228820
228852
228957
228978
229160
229211
229597
230090
230212
230218
230859
230887
230960
230984
231106
231143
231306
231430
231457
231463
231524
231529
231549
232063
232468
232470
232471
233075
233766
234128
234144
234194
234633
234668
235514
235684
235709
236342
236467
236698
236720
236872
237608
237673
237750
237951
238192
238236
238254
238302
238303
238322
238492
238547
238758
238970
238995
239087
239575
239804
239886
239896
239963
240376
240627
240751
240778
241160
241182
241720
241757
241859
241899
241905
241943
242032
242182
242432
242448
242506
243426
243642
243663
243690
243694
243704
243705
243711
243850
243937
244048
244131
244156
244378
244708
245026
245137
245178
245308
245579
245635
245833
246550
246798
246946
247135
247833
247896
247920
247954
247972
248051
248314
248381
248398
248551
248671
248797
249353
249362
249423
249685
249689
249826
250571
250709
251232
251635
251697
251885
251992
252072
252707
252766
253274
253791
253941
253977
254442
254610
254773
255175
255227
255299
255317
255485
255522
255647
255736
255818
256011
256154
256166
256202
256221
256271
256406
256693
256727
257291
257297
257388
257669
257813
258349
258577
258730
258922
258988
259045
259126
259210
259353
259471
259498
260086
260298
260323
260749
261023
261053
261101
261119
261488
261578
261605
261617
261641
261797
262070
262322
262658
262794
263039
263065
263137
263142
264066
264201
264581
265047
265441
265975
266280
266577
266624
267016
267117
267423
267613
268181
268836
269133
269349
269358
269473
269839
270392
270808
271169
271173
271300
271759
271951
272572
272710
272908
272974
274098
274117
274432
274968
275011
275047
275057
275125
276029
276584
276866
277094
277688
278527
278659
278673
278809
278823
279188
279403
279509
279533
279986
280109
281178
281295
281328
281655
281974
282094
282310
282620
282626
283463
284423
284594
284729
284735
284942
284957
284978
285577
285611
285823
286008
286060
286066
286225
286840
287319
287963
287996
288003
288075
288156
288269
288347
288349
288473
288491
288686
288976
289646
289700
289852
289908
290154
290233
290334
290367
290403
290479
290571
290784
291102
291216
291459
291461
292010
292257
292264
292618
292688
292724
293009
293060
293333
293423
293464
293471
293882
294091
294106
294637
295285
296146
296182
296209
296284
296355
296357
296997
297193
297495
297855
298586
298893
298908
299490
300023
300182
300802
300873
301171
301472
301852
301930
302346
302440
303836
304031
304243
304265
304627
305512
305929
306145
306706
307449
308379
308384
308630
308637
308703
308802
308864
309087
309139
309672
309962
310755
310983
311052
311340
311412
311493
311508
311691
312057
312120
312576
312981
312984
313107
313197
313203
313634
314478
314762
314849
315516
316029
316064
316265
316496
316649
316748
316943
317174
317374
317534
317614
317668
317690
317718
317762
318011
318306
318348
318570
318672
319752
319931
319960
320469
320739
320997
321084
321183
321294
321651
321772
322042
322198
322494
322710
323271
323467
323601
324047
324050
324449
324470
324641
324798
325206
325937
326213
327504
328150
328498
328525
328528
329893
330079
330235
330253
330320
330838
331231
331399
331625
331671
331872
331984
332094
332159
332162
332441
332859
333012
333469
333486
333534
334635
335561
335869
336007
336189
336237
336315
336375
336460
336753
336867
336914
337030
337082
337270
337533
338130
338262
338295
338529
338685
338853
338892
339496
339582
339733
339987
340008
340838
340839
341227
341507
341540
341678
342271
342938
343213
343396
343734
343868
343919
344149
344280
344397
344421
344865
345111
345291
345438
346070
346241
346349
346407
346770
347018
347144
347145
347149
347156
347320
347479
347855
347974
348232
348364
348561
348625
348627
348827
348942
348950
349780
349782
349899
350281
350285
350793
350795
350799
351043
351127
351253
351375
351829
352017
352224
352390
352492
352576
353044
354015
354067
354211
354367
354477
354522
354898
354979
355000
355027
355082
355321
355419
355746
355987
356480
356519
356658
356836
356868
357508
357688
358026
358369
359014
359226
359296
359308
359469
359887
360157
360187
360433
360910
361294
361599
362841
363007
363207
363604
363805
364089
364277
365052
365270
365401
365437
365572
365591
365615
365655
365682
365737
365771
365780
366229
366239
366417
366500
366619
366700
366982
367326
367348
367402
367546
367570
367953
367964
367969
367998
368038
368234
368453
368695
368748
368990
369554
369919
370580
370600
370768
370785
370966
371319
372013
372252
372291
373243
373651
373842
373843
373866
374658
374891
374917
374933
374938
375130
375271
375275
375697
375784
375847
376200
376969
376993
377252
377332
377349
377477
377564
377619
377629
377753
378020
378126
378191
378824
378845
379109
379113
379232
379244
379334
379367
380429
380578
380902
380969
381356
381358
381601
381898
381902
381913
382029
382340
382560
382702
382931
383230
383295
383393
383407
383428
383499
383727
383848
384348
384409
384412
384475
384511
384565
385142
385590
385601
385887
385950
385961
386104
386151
386430
386522
387156
387519
387636
387760
387927
388010
388634
388950
389214
389602
389670
389674
389707
389953
390280
390311
390321
391007
391139
391142
391167
391265
391414
391451
391455
391542
391581
391818
391823
391936
391967
391981
392010
392046
392081
392101
392459
392636
392641
392644
392664
392702
392735
392790
392829
392866
393030
393172
393179
393232
393248
393266
393269
393432
393452
393979
394006
394020
394085
394150
394165
394174
394197
394198
394201
394224
394225
394244
394298
394426
394430
394433
394445
394482
394493
394605
394627
394647
394760
394913
394924
394976
395012
395053
395097
395140
395203
395250
395272
395310
395321
395340
395347
395350
395431
395528
395562
395629
395631
395771
395835
395839
395986
396020
396184
396237
396378
396400
396423
396427
396475
396553
396729
396832
396966
396982
397049
397306
397378
397429
397450
397465
397489
397495
397555
397561
397684
397696
397756
397759
397774
397858
397870
398101
398330
398382
398445
398453
398466
398481
398507
398570
398606
398645
398695
398729
398807
398880
399010
399051
399185
399187
399251
399382
399409
399454
399483
399513
399612
399634
399644
399687
399689
399805
399827
399880
399899
400262
400376
400563
400601
400793
400865
400920
401327
401351
401363
401372
401423
401642
402036
402269
402353
402496
402712
402932
403115
403238
403343
403405
403407
403526
403562
403568
403898
404056
404233
404478
405138
405208
405458
405671
406201
406472
406504
406709
406726
406757
406862
406873
407092
407206
407362
407388
407394
407477
407572
407585
407739
407808
407835
407901
407941
407942
408033
408039
408182
408429
408486
408573
408771
408804
409098
409113
409339
409486
409567
409581
409600
409863
410006
410574
410580
410612
410667
410876
410914
411034
411364
411427
411457
411818
411856
411982
412172
412219
412236
412333
412547
412590
412603
412612
412803
412833
412896
412966
413016
413076
413115
413314
413496
413599
413615
413702
413867
413957
414057
414087
414358
414436
414696
414915
415898
416203
416228
416362
416793
417083
417137
417298
417373
417445
417560
417575
417641
417656
417665
417705
417943
417956
417974
418008
418307
418904
419132
419216
419474
419667
419714
419997
420086
420104
420269
420322
420323
420434
420559
420725
420822
420877
421001
421117
421486
421680
421926
421962
422064
422238
422307
422460
422466
422502
422511
423102
423318
423640
425059
425122
425550
425551
425641
425696
426643
426653
426854
427490
427645
427646
427886
428048
428126
428127
428198
428263
428399
428405
428788
428891
429090
429105
429122
429233
429449
430362
430541
431528
431639
431640
431884
432143
432335
432434
432537
432874
433159
433245
433606
433672
434869
435152
435312
435723
436012
436179
436508
436622
437418
437424
437438
437564
437594
437610
437841
438294
438375
438924
438989
439125
439218
439290
439308
439581
439707
440042
440979
441612
441709
442856
443231
443303
443972
444077
444302
444593
444668
444693
444817
444864
445203
445205
445342
445552
446046
446217
446340
446902
447057
447260
447968
447993
448094
448357
448425
448476
448551
448609
448739
448793
448838
448923
448924
449017
449577
449654
449682
449683
449709
449747
449848
450041
450071
450232
450324
450393
450452
450572
450639
450791
450813
451070
451098
451190
451216
490675
491119
492148
492640
493153
493473
493483
493579
493681
493848
493890
493918
494326
495311
495966
496001
496095
496489
497723
498565
498570
499674
499857
500275
500587
500605
500806
501707
502438
502585
502833
504004
504031
504043
504065
504236
504668
505808
506247
506259
507492
507531
508286
508385
508667
508811
508866
509010
509046
509219
509318
509324
509342
509438
509642
509817
509840
509982
510230
510340
510395
510423
510433
510486
510495
510507
510803
510993
511197
511265
511340
511349
511389
511773
511785
511836
511957
512083
512095
513031
513053
513101
513294
513570
513660
513766
514165
514176
514243
514648
514693
514698
514730
514759
515142
515468
515666
515723
515811
515879
516197
516783
516845
516999
517614
517690
517958
518521
518549
518561
518629
518631
519358
519688
520061
520183
521614
521782
522914
522961
524147
524390
524691
525267
525291
525292
526016
526271
526374
526397
526550
527310
527405
527518
528358
528392
528902
529359
530762
531538
532344
534194
534385
535065
536152
536691
536867
536924
536948
537263
537571
538246
538261
538309
538497
538633
538830
539059
539092
539611
539612
540258
540405
540610
540779
541260
541268
541271
541340
542005
542794
543116
543914
544654
545092
545233
545416
545525
546414
546637
547047
547203
547572
547847
548591
548783
548969
549170
549369
549472
549520
549586
549589
550084
550665
550842
551256
551379
551535
552790
552850
553358
553414
554116
554168
554190
554211
554218
554679
554931
554971
555034
555043
555282
555432
555912
556208
556365
556568
556603
557324
557399
557570
557573
557979
558431
559904
560504
560821
561781
562055
562435
562667
563649
563731
563822
564127
564321
564403
564719
564747
564759
564762
564824
564860
565172
565184
565195
565274
566015
566021
566338
566515
567266
567365
567955
568653
568764
568962
569046
569709
570009
570142
571001
571880
571899
571911
572662
573273
573483
574439
574557
574726
575116
575141
575458
575599
576551
576690
577178
577508
578083
578714
578795
578932
579037
581502
581754
582033
583102
583277
583565
583874
584165
584485
584637
584675
584735
585086
585365
586011
586054
586081
586124
586163
586885
587932
588604
589072
589176
589596
589719
589767
590028
590505
590680
590717
590727
590856
590898
591750
592083
592509
592510
592862
592872
592876
592887
592907
592910
593059
599383
599530
599633
600431
601825
601834
601938
602085
602479
603209
603313
603374
603566
603656
604030
604090
604115
604915
605057
605365
605739
605746
605773
605962
605998
606127
606418
606436
606562
606799
606826
607075
607128
607134
607451
607655
607674
607707
609052
609401
610061
610109
610216
610430
610544
610547
610640
610829
610920
611030
611744
611787
611864
612260
612263
612265
612306
612349
612600
613065
613236
613500
613662
613688
613752
613767
613771
613786
614163
614232
614423
614564
614572
614614
614675
614686
616065
616104
616122
616225
616330
616917
617208
617302
618279
618297
618795
618891
619230
619440
619476
619650
619731
619752
619917
619947
619971
620192
620772
620931
620966
621177
621288
621936
622313
622344
622365
623137
623166
623416
623494
623512
623554
623566
623758
623971
624838
626407
626688
626739
626891
627274
627363
627375
627510
627543
628005
628095
628185
628513
628793
628808
629668
629698
629701
629949
630259
630868
630956
631313
631868
632065
632513
632835
632986
633018
633130
633180
633359
633477
634065
634524
634602
634732
634860
635079
635382
635655
636174
637347
637970
638303
638411
638924
639830
640091
640313
640928
641145
641607
641691
641709
641830
642432
642537
644045
644869
644974
644975
645013
645044
645078
645169
645183
645191
645400
645452
645496
645659
645778
646159
646367
646754
646878
646900
647017
647245
647338
647751
647778
647803
648070
648118
648559
648642
648678
648723
648853
649118
649258
649310
649498
649777
649939
650002
650032
650056
650087
650104
650191
650259
650264
650274
650329
650356
650368
650416
650435
650443
650451
650545
650575
650599
650609
650623
650626
650632
658264
658279
658314
658320
658323
658329
658362
658386
658388
658403
658419
658457
658577
658580
658623
659350
660079
660278
660294
660622
660628
660879
660916
661240
661493
661927
661969
662978
662983
663017
663124
663332
663342
665220
665409
665969
666764
667250
667847
668335
668992
669004
669276
669293
669309
669321
669526
669692
669768
669973
669989
670014
670631
670795
670933
671112
671569
671664
671705
671776
672202
672233
672637
672683
672778
672799
672895
672956
673072
673080
673526
673638
673680
673731
673884
674781
674845
675142
675263
675862
675925
675961
676167
676195
676308
676573
676712
676756
676885
677014
677110
677115
677198
677359
677383
677389
677402
677445
677815
677991
678116
678512
678530
678718
679175
679180
679564
679614
679633
680346
680364
680510
680775
681115
681443
681614
682040
682348
682688
682743
682770
682839
682889
682910
683323
683870
683924
684122
684641
684653
684683
684785
685720
685799
685853
686270
687226
687687
687746
687798
687967
687986
688227
688237
688265
688326
688413
688789
688815
689374
689904
689916
689953
689955
690031
690034
690322
690370
690479
692181
692970
693579
693756
693898
694010
694040
694048
694126
694217
694400
694746
694845
694862
694895
695020
695163
695349
695484
695498
695718
695817
696449
696915
697086
697164
697174
697261
698073
699237
699550
699605
700054
700181
700314
701320
701484
701704
701865
702069
702729
703272
703275
703296
703329
703539
703572
704823
704992
705503
706055
706112
706444
706510
707088
707098
707171
707220
707365
708132
708200
708358
708469
708799
708957
709003
709420
710950
711069
711337
711375
711504
711531
711540
712895
713047
713393
714020
714278
715038
715119
715262
715716
715739
715823
716543
716763
720526
720538
720539
721200
721681
721727
721960
722593
722620
722716
722810
722850
723253
723465
723945
724157
724534
724573
724808
725217
725405
725937
726133
726521
726848
727094
727106
727454
727688
727901
727910
728027
728551
728790
728808
729050
730435
730471
731264
731466
731569
732204
732212
732213
732378
732429
732494
732503
732565
732947
732967
733795
734035
734038
734067
734172
734176
734238
734268
734286
734442
734446
734469
734602
734608
734612
734628
734633
734648
734649
734674
734706
734728
734732
734739
734740
734763
734768
734773
734779
734786
735713
735833
736001
736088
736352
736739
736757
737363
737369
737570
737761
737776
737804
738353
738992
739067
739184
739280
739454
739466
739705
739838
740141
740924
741346
741368
741373
741869
742474
742979
743189
743204
743237
743287
743333
743350
743452
743495
743510
743555
743633
743729
743897
744124
744207
744392
744416
744446
744454
744483
744489
744511
744522
744533
744566
744576
744593
744793
744968
745096
745159
745167
745179
745185
745324
745544
745552
745671
745835
745922
746372
746382
746593
746828
746867
747171
747358
747505
747719
747751
747799
747898
747900
747926
747931
748189
748362
748497
748572
748731
748735
749085
749160
749196
749208
749233
749263
749319
749327
749442
749546
750087
750648
752330
752932
753679
754049
754092
754207
755569
756247
756805
757763
758744
759290
759309
759809
759842
759860
759872
759887
760415
760537
760652
760751
760894
761042
761052
761066
761457
761755
761814
762938
763640
764314
764448
764466
764582
764623
764761
764894
764909
764968
765110
765196
765551
765566
765920
765921
765962
765971
766006
766116
766135
766186
766403
766476
766775
767260
767606
767674
768086
768325
768581
768812
770506
770685
770742
770911
771074
772134
772478
772613
772740
772830
773037
773568
773668
774147
774450
774687
774702
774712
774717
774765
774798
774856
775074
775811
776367
776377
776391
776421
776424
778547
778589
778749
778976
779015
779193
779373
779622
779623
780099
780201
780287
780306
780360
780366
780447
780468
780645
780774
781443
781458
781795
781840
782809
782815
782823
782829
782909
783116
783118
783123
783130
783149
783909
784462
784725
784726
784820
784849
784902
784967
785038
785329
785350
785387
786552
786826
786875
786949
786991
787039
787060
787097
787246
787510
788342
788350
788425
788475
788536
788682
788874
788967
788973
789072
789385
791731
792158
792265
792277
792366
792417
792641
792644
792702
792737
792747
792764
792789
792807
792826
792875
792972
792985
793009
793142
793144
793312
793421
793518
793539
793558
793773
793785
793796
793850
793903
794074
794309
794440
794638
795036
795247
795312
795356
795919
795999
796025
796042
796074
796093
796413
796574
796695
796703
796719
796741
796798
796851
797055
797103
797166
797260
797508
797757
797945
797990
797996
798014
798050
798433
798594
798735
798842
799085
799107
799110
799247
799388
799490
799628
799693
799947
800117
800195
800240
800495
800645
801709
801710
802144
803271
803510
803546
803684
803722
803918
803961
804031
804069
804259
804772
805208
805307
805325
805433
805581
805615
805654
805740
805792
806702
806915
806948
807002
807114
807151
807160
807361
807491
807920
808098
808209
808329
808452
808623
809077
809078
809105
809119
809221
809330
809789
809919
810163
810479
810518
810527
810599
810702
810731
810737
810740
810794
810830
810835
810911
810914
810923
811070
811166
811178
811440
811448
811452
811471
811488
811613
811617
811634
811766
811802
811823
811829
811841
811847
811862
811865
811904
811925
811934
811952
811955
811961
811967
811979
811991
811997
812015
812018
812024
812027
812039
812048
812084
812093
812105
812108
812114
812138
812141
812156
812162
812165
812174
812204
812219
812306
812312
812321
812348
812354
812369
812399
812411
812423
812429
812456
812459
812474
812489
812559
812576
812690
812741
812762
812861
813020
813023
813041
813053
813059
813065
813071
813074
813098
813104
813194
813197
813200
813245
813305
813320
813321
813326
813333
813338
813350
813409
813413
813425
813488
813506
813533
813539
813551
813629
813635
813647
813650
813653
813776
813890
813899
813947
813974
813992
814003
814007
814012
814070
814103
814106
814118
814121
814128
814145
814154
814169
814187
814190
814211
814220
814223
814289
814292
814307
814313
814325
814328
814337
814346
814379
814391
814394
814421
814427
814440
814442
814445
814466
814472
814481
814496
814499
814511
814514
814529
814532
814541
814544
814547
814568
814571
814572
814574
814577
814586
814658
814820
814955
814958
814964
814988
814991
814994
814997
815004
815005
815015
815024
815027
815036
815052
815054
815063
815069
815072
815099
815105
815108
815117
815147
815156
815162
815168
815171
815189
815192
815198
815204
815210
815219
815222
815232
815243
815249
815300
815303
815365
815377
815401
815424
815463
815466
815486
815554
815555
815561
815571
815573
815890
815940
815987
815995
816028
816076
816148
816236
816241
816279
816285
816323
816603
816648
816720
816867
816962
816978
817044
817067
817116
817177
817207
817279
817345
817525
817535
817587
817589
817684
817710
817755
817769
817814
817850
817853
817981
817995
817998
818004
818019
818092
818279
818285
818697
818710
818717
818785
818791
818807
818808
818817
818837
818996
818997
819099
819432
819555
819579
819611
819643
819720
819742
819836
819851
819854
820286
820297
820424
820505
820623
820636
820638
820696
820804
820873
821020
821116
821159
821230
821638
821725
821815
822030
822665
822697
822741
823065
823217
823314
823320
823939
824361
824872
825145
826102
826108
826141
826808
826973
827148
827173
827359
827502
827901
828017
828578
828697
828855
828978
829513
829898
830005
830392
830411
830534
830537
830606
830644
830741
831658
832189
833013
833164
833281
833865
833901
833957
834201
834274
834969
835157
835410
835667
835689
835800
836293
836590
836998
837744
837805
837902
838789
839385
839677
839764
839783
839944
840287
840735
840839
841073
841221
841354
841816
841900
842461
842843
842932
843106
843343
843952
844038
845925
846008
846141
846486
846505
846577
847269
848491
848718
848996
849290
849431
849924
849950
850054
850264
851314
851752
852357
852960
853103
853264
853274
853358
853402
853535
853643
854293
854337
854467
854600
854613
854667
854809
854892
855391
855464
855467
855639
855800
855816
855817
855913
856024
856162
856188
856603
856753
857203
857378
857849
857854
858373
858427
858802
859118
859175
859288
859785
860079
860211
861431
862341
862705
862719
863259
864558
864606
864723
864768
864795
865086
865224
865455
865557
865736
865776
865827
865848
866118
866136
866496
866807
866895
866995
867171
867992
868184
868737
869175
869349
869370
869859
870168
870189
870744
870985
872036
872180
872560
872805
872886
872981
873138
873628
873742
873872
873932
874247
874259
874283
874454
874655
875507
875516
875539
875555
875793
876507
876756
876842
877274
877625
877747
877838
877989
879073
879214
879247
879266
879298
879328
879714
880319
880569
880574
880747
883237
883273
883499
883503
883954
884593
884656
884712
884757
884828
884831
884838
884976
885001
885035
885058
885068
885268
885303
885989
886091
886118
886181
886586
888362
888413
888517
888653
888684
888710
888713
888715
888722
888875
888959
888977
889106
889427
889757
889775
889952
891003
891197
891299
891320
891323
891422
891452
891584
891755
891782
892174
892181
892217
892370
892436
892892
893157
893222
893293
893363
893382
893396
893440
893453
894179
894188
894324
894513
895241
895274
895661
895967
895997
896568
896731
897307
897553
897556
897658
898103
898209
898212
898366
898414
898520
898907
899094
899140
899154
899303
899733
899774
899820
899910
899979
900108
900141
900498
900710
900885
901023
901190
901473
901694
901875
902175
902920
903006
903173
903374
903387
903390
903720
903765
904239
905007
905508
905760
906129
906306
906307
906631
906659
906988
907701
908408
908717
908930
908936
909951
910292
910579
910676
910928
912240
912351
912364
912367
912454
912538
912847
912862
913009
913011
913123
913444
913456
913597
913906
914086
914146
914320
914813
914832
914840
914933
915889
918006
918482
919063
919181
919424
920406
920502
920529
920601
920613
920700
921060
921424
921984
922328
922435
922706
922820
923612
923789
924037
924128
924133
924245
924464
924556
924695
925406
925463
925562
927723
928086
928109
928185
928313
928340
928393
928442
928548
928621
928883
929273
929634
929725
929781
929849
929953
929984
929995
930212
930443
931480
931834
931835
932059
932081
932088
932109
932140
933014
933151
933882
935578
935764
935974
936082
936207
936217
936226
937277
937331
938064
938489
938581
938923
939652
947200
947218
947333
947421
947828
947954
948176
948442
948664
948758
949053
949075
949369
949929
949938
950148
950467
950492
950780
951084
951105
951692
952196
952262
952346
952362
952469
952574
952886
953016
953141
953266
953351
953629
954173
954228
954404
954772
954849
955099
955133
955348
955349
955360
955645
956047
956127
956398
956536
956543
956545
956584
956854
957148
957964
957985
958718
958934
959060
959603
959671
960118
960138
960158
960228
960299
960686
961106
961110
961154
961481
961827
961898
961961
961974
962846
962857
962893
963095
963375
963501
963678
964396
964528
964739
965342
965658
966217
966833
966841
967096
967144
967268
967270
967311
967387
967945
968009
968191
968208
968379
968392
968426
968701
968702
968735
969370
970024
970294
970600
970693
970726
971164
971581
971617
971649
971844
972034
972063
972703
972787
972812
972928
973354
973931
973972
974070
974129
974557
974783
975434
975527
975595
975612
975664
975673
975681
975753
975763
975766
975786
975878
975883
975929
976083
976086
976087
976123
976210
976224
981795
981833
981883
981911
982208
982219
982222
982257
982306
982307
982537
982562
982870
982889
982920
982986
983890
984579
984639
984873
985307
986214
986217
986295
986346
986367
986803
986946
986999
987375
987417
987999
988464
988843
989408
989534
989666
989846
989852
990344
990766
991691
991868
991871
991943
991988
992002
992332
992819
992933
994222
994681
994825
995062
995512
996977
997064
998806
999140
999141
999142
1000048
1000756
1000801
1000826
1000939
1000944
1000966
1001023
1001278
1001623
1001922
1002086
1002191
1002296
1002952
1003093
1003096
1003111
1003173
1003348
1003372
1003426
1004509
1004722
1004854
1004878
1005981
1006476
1006560
1006767
1006860
1006863
1007333
1007690
1007701
1007730
1007846
1008048
1008390
1008514
1008842
1009047
1009527
1010166
1011268
1012917
1013133
1013388
1014017
1014095
1014447
1014538
1014541
1014649
1014670
1015184
1015543
1015598
1015774
1016012
1016099
1016198
1016453
1016743
1016758
1017044
1017081
1017404
1017718
1018933
1019156
1019284
1019357
1019479
1019633
1019764
1019765
1019768
1019989
1020076
1020118
1020119
1020239
1020317
1020320
1020463
1020553
1021376
1021444
1021464
1021577
1021580
1021793
1022087
1022290
1022295
1022329
1022477
1022570
1022675
1022756
1023165
1024103
1024937
1024948
1025374
1025510
1025892
1026077
1026208
1026243
1026504
1026527
1026556
1026557
1026588
1026668
1027569
1027573
1027717
1028193
1028347
1028370
1028782
1028958
1030090
1030134
1030137
1030159
1030239
1030302
1030426
1030430
1030457
1030831
1031139
1031541
1031842
1032426
1032556
1033335
1034204
1034221
1034753
1035032
1036488
1037166
1037208
1037268
1038435
1038987
1039057
1039090
1039736
1040197
1040235
1040759
1041082
1041406
1041619
1041999
1042180
1042234
1042365
1042503
1042570
1042612
1042809
1042844
1043063
1043157
1043699
1043895
1043906
1043965
1044159
1044294
1044654
1044772
1046001
1046184
1046304
1046601
1047369
1048002
1048740
1048932
1050004
1050355
1052021
1052204
1052226
1052276
1052289
1052529
1052610
1052670
1052950
1053098
1053107
1053429
1053478
1053841
1054333
1054495
1054575
1054882
1054922
1055129
1055872
1056190
1056675
1056897
1056898
1056984
1056995
1057027
1057074
1057082
1057140
1057168
1057870
1058188
1058607
1058624
1058732
1058785
1058831
1058891
1065267
1065293
