14830
15115
15487
15765
16019
16109
16152
16167
16170
16409
16458
16482
16490
16563
16724
16725
16806
16830
16880
17029
17252
17384
17582
17595
17723
17765
17835
18008
18105
18205
18283
18345
18537
18585
18742
18856
18862
18920
19057
19068
19095
19286
19314
19333
19346
19352
19362
19460
19466
19472
19556
19674
19790
19886
19923
19927
19935
20003
20089
20104
20134
20814
20946
20997
21024
21060
21089
21171
21228
21411
21638
21795
21813
22409
22425
22527
22718
23017
23140
23336
23620
23872
23882
24061
24121
24251
24494
24505
24577
24857
25215
25366
25382
25507
25514
25517
25547
25626
25628
25711
25713
25722
25771
25858
25880
25946
25965
25966
26127
26453
26487
26489
26636
26713
26767
26773
26781
26786
26793
26814
26870
26889
26963
27046
27063
27072
27092
27110
27130
27212
27396
27506
27574
27594
27630
27638
27761
27763
27810
28033
28039
28062
28170
28390
28549
28638
28792
28916
29012
29056
29134
29346
29440
29449
29452
29526
29613
29714
29749
29751
29993
30312
30348
30393
30403
30510
30544
30827
30834
30954
30986
31135
31343
31360
31712
31763
31848
31880
32009
32017
32018
32207
32241
32259
32417
32447
32582
32620
32699
32712
32722
32766
32776
32779
32781
32800
32808
32918
32955
33008
33177
33187
33222
33267
33328
33496
33689
33797
34169
34608
34667
35248
35310
35313
35525
35555
35600
35609
35652
35657
35789
35905
35915
35940
35993
36224
36288
36301
36304
36394
36521
36593
36602
36660
36739
36806
36807
36983
37078
37171
37375
37482
37504
38296
38359
38596
38610
38660
38681
38909
38918
38974
39275
39419
39488
39674
39690
40205
40338
41032
41152
41722
42308
42633
42668
42690
42696
42701
42743
42943
43072
43078
43123
43976
43988
44668
44841
44874
44876
45006
45082
45201
45521
45740
45870
45896
45926
45929
46161
46185
46302
46380
46518
46635
46652
46741
46998
47567
47804
47820
47926
48016
48019
48041
48049
48166
48240
48257
48263
48275
48653
48695
48712
48728
48823
48826
49201
49258
49483
49820
49933
50113
50320
50488
50647
50680
50740
50932
51012
51067
51128
51193
51257
51370
51748
51925
52648
52738
53142
53398
54604
54605
55021
55242
55594
56076
56533
57286
57463
58110
58173
58189
58190
58329
58625
58749
59129
59567
59951
59966
61005
61106
61214
61277
61488
61610
61686
61904
62177
62459
63007
63094
63376
63471
63976
64252
64279
64442
64651
64937
65110
65326
65355
65416
65947
65956
66034
66061
66355
66593
66723
66759
67030
67042
67057
67243
67487
67810
68496
68507
68659
68665
68703
68855
69092
69180
69262
69598
69625
69634
69682
69706
69844
70057
70289
70660
70891
70945
70957
71045
71083
71099
71140
71375
71407
71470
71473
71500
71596
72064
72161
72397
72412
72450
72490
72553
72559
72642
72837
73033
73471
73840
73933
74035
74065
74143
74173
74254
74753
74825
74871
74907
75052
75069
75368
75376
75434
75453
75475
76608
76807
76911
76956
76992
77007
77013
77181
77340
77619
77640
77922
78568
78667
79016
79038
79337
79623
79911
79995
80257
80328
80524
80562
80683
81498
81532
81991
82028
82058
82187
82455
82465
82466
82648
82675
82990
83044
83101
83125
83149
83524
83639
83680
83720
83889
83951
84036
84063
84086
84119
84187
84235
84295
84382
84403
84436
84451
84765
84768
85075
85328
85486
85912
85922
85941
86446
86574
86707
87404
87438
87949
88273
88329
88777
88918
89086
89110
89173
89980
90286
90718
90851
91021
91098
91159
91421
91852
91926
92092
92105
92119
92224
92236
92462
92469
92623
92797
92875
92995
93184
93192
93250
93271
93280
93381
93404
93664
93787
93934
94477
94480
94481
94545
95054
95140
95232
95321
95326
95347
95601
96317
96318
96436
96612
96667
96853
97141
97363
97366
97372
97581
97636
97759
97763
97766
97819
97954
97979
98011
98071
98146
98152
98186
98244
98282
98302
98358
98368
98377
98418
98419
98426
98428
98590
98593
98747
98757
98785
98835
98867
99060
99067
99231
99555
99605
99668
99740
99792
99895
100302
100356
100368
100382
100428
100437
100469
100594
100633
100659
100677
100696
100766
101279
101321
101512
101727
102675
102726
102899
102918
103249
103388
103389
103397
103398
103476
103503
103824
104114
104192
104240
105469
105796
105934
105961
106222
106489
106492
106532
106813
106918
106954
107042
107800
108002
108071
108272
108452
108471
108617
108710
108794
108920
109016
110004
110137
110157
110234
110330
110338
110528
110540
110578
110917
111133
111466
111480
111544
111629
111667
111668
111691
111699
111758
111847
111854
111948
111956
111983
112001
112069
112077
112159
112269
112435
112752
113011
113044
113356
113592
113619
113688
113697
114165
114192
114202
114248
114263
114270
114352
114379
114429
114707
114798
114803
115717
115810
116269
116448
116479
117890
118034
118229
118597
118701
118737
118792
118824
118925
119002
119147
119224
119229
119266
119328
119818
120710
121195
121229
121489
121726
121809
121879
122143
122271
122971
123435
123676
124136
124251
124945
125753
125849
125959
126183
126853
126898
127162
127459
127462
127700
128234
129176
129391
130480
131237
131317
131345
131599
132667
133039
133166
133255
133387
133441
133946
134095
134370
134452
134570
134578
135529
135985
136273
136531
136956
136978
136986
137010
137018
137365
137591
144049
144140
144149
144157
144183
144223
144266
144274
144279
144367
144430
144496
144525
144604
144655
144737
144787
144851
144890
145050
145567
145636
146062
146269
146926
147018
147143
147173
147382
147860
148191
148520
148521
148699
148807
148876
148977
148978
149084
149610
149613
149894
150340
150548
151008
151218
152137
153318
153344
153360
154025
154357
154385
154409
154644
154803
155336
155718
156102
156218
156256
156375
156680
156717
156765
156770
156780
156786
156790
157188
157212
157257
157723
157888
158015
158037
158046
158074
158080
158164
158271
162052
162066
162175
162183
162194
162197
162211
162769
163447
163549
163655
163957
164563
164755
165037
165879
166251
166317
166705
167037
167318
167431
167593
167818
168202
168217
168673
168725
168910
168941
169022
169123
169147
169269
169332
169902
170025
170209
170341
170473
170497
170876
170899
171051
171103
171355
172581
172677
172714
173398
173765
174034
174110
174556
174682
174712
175077
175522
175923
176446
176767
177023
178297
178440
178655
178663
178674
178766
179134
179207
179522
179537
179773
179825
179835
179944
179949
180295
180347
180531
180672
180725
181066
181645
181692
181733
181854
181855
181958
182063
182094
182307
182376
182500
182752
183018
183106
183176
183406
183446
183467
183659
183881
184237
184483
184633
184844
184858
185498
186097
186145
186322
186433
186478
186589
186739
186748
187015
187183
187189
187948
188023
188077
188342
189064
189336
189901
190264
190306
190339
190534
190627
190798
191020
191505
191633
191634
191814
191830
191857
191906
191977
192279
192323
192376
192445
192497
192646
193272
193274
193313
193319
193346
193410
193604
193711
193973
194092
194177
194288
194304
194310
194350
194505
194520
196281
196842
196844
196877
197027
197081
197428
197486
198087
198427
198468
198638
198647
198959
199246
199247
199313
199339
199448
199469
199470
199511
199828
199969
200419
200488
200767
201607
201758
201896
202052
202421
202437
202500
202686
202770
202995
203253
203628
204061
204274
204454
204812
204918
204998
205058
205164
205547
205702
205970
206256
206474
206548
206888
207080
207354
207472
207760
207790
207823
207856
207862
207865
207985
208075
208120
208303
208338
209202
209430
210512
210544
210590
210721
211149
211326
211344
211545
211974
212097
212115
213026
213030
213048
213243
213250
213776
214043
214046
214052
214157
214378
214382
214808
214901
214955
215546
215587
215867
216017
216056
216152
216669
217299
217722
217787
218021
218261
218679
218724
218730
218745
218751
218781
218949
219153
219237
219747
220148
221384
221478
221542
221657
221706
221739
221751
221754
221758
221823
221849
221860
221864
222102
222167
222306
222369
222373
222435
222453
222456
223659
223928
223947
224053
224085
224275
224599
225428
225457
226463
226615
226821
226919
226921
226946
227543
227587
227636
227693
228092
228299
228332
228349
228386
228554
228569
228572
228605
228617
228845
229028
229188
229247
229517
229520
229559
229616
229665
229709
229887
229979
229991
230223
230273
230462
230540
231027
231344
231638
232381
232615
233627
233690
233711
233768
233813
233826
233977
234568
235114
235279
235282
235342
235390
235446
235489
235720
235771
235813
235957
236173
236191
236255
236256
236557
236578
236905
237141
237432
237433
237452
237463
237488
237929
237965
238058
238213
238279
238329
238462
238877
238901
239066
239766
240289
240352
240364
240385
240610
240613
240682
240973
241102
241150
241206
241673
241690
241793
241795
241822
241984
242028
242330
242358
242547
242591
243009
243335
243383
243389
243524
243551
243553
243616
243659
243667
243974
244210
244360
244374
244381
244543
244843
245103
245159
245286
245376
245396
245404
245419
245900
245901
245910
245922
247084
247271
247274
247300
247354
247441
247549
247588
248146
248790
248810
248849
249014
249021
249041
249059
249213
249459
249801
249921
249944
250075
250277
251033
251360
251438
252051
252269
252586
252657
252729
253044
253087
253095
253134
253284
253399
254069
254402
254423
254477
254764
255180
255193
255214
255300
255612
255641
255645
256178
256185
256222
256262
256299
256760
256813
256814
256838
257019
257112
257115
257275
257331
257366
257425
257512
257645
257804
257833
257839
257913
257955
258026
258087
258116
258145
258502
258613
258878
258958
259027
259125
259334
259406
259494
259519
259667
259711
259817
259848
259919
259924
259943
260009
260065
260073
260087
260191
260286
260365
260412
260578
260606
260723
260788
261001
261111
261120
261140
261363
261447
261588
261703
261710
261771
261802
261991
261997
262052
262058
262113
262163
262269
262281
262470
262541
262662
262727
262806
262930
263140
263216
263227
263330
263429
263436
263506
263526
263545
263550
263566
263649
263716
263789
263801
263807
263881
263936
263960
264022
264038
264197
264282
264395
264629
264656
264809
264812
264845
264890
265286
265634
266222
266285
266409
266577
266754
266850
266856
266889
266896
266918
266983
267016
