12938
12985
12997
13185
13408
13779
13783
13872
13908
13960
14206
14579
14584
14600
14665
14685
14935
15041
15114
16485
16803
16958
17227
17230
17517
17786
17904
18198
18283
18494
18632
18708
18799
18810
18957
18989
18991
19013
19031
19535
19706
19760
19970
20045
20117
20228
20351
20531
20795
20806
20913
20992
21004
21033
21094
21580
21639
22697
22997
23051
23055
23276
23375
23518
23522
23681
23701
24042
24238
24334
24416
24526
24666
24676
24679
24817
24841
24880
24930
25333
25539
25761
25883
25897
25963
26022
26172
26183
26184
26678
27293
27470
27546
27972
27996
28143
28186
28335
28797
29091
29141
29200
29671
29694
29727
29730
29799
29809
29844
29908
30035
30045
30108
30117
30119
30198
30249
30279
30311
30400
30447
30468
30596
30666
30987
31041
31049
31069
31116
31191
31197
31261
31304
31482
31551
31645
31697
31721
31742
31905
31957
31980
32089
32115
32117
32190
32373
32578
32708
32752
32992
32997
33089
33844
33927
34036
34233
34328
34341
34347
34395
34629
34675
34761
34826
34831
34972
35012
35504
35576
35768
35882
36066
36088
36165
36243
36252
36270
36306
36365
36592
36667
36778
37057
37084
37099
37198
37339
37609
37675
37897
37900
37944
38191
38260
38418
39327
39684
39721
39727
39822
39825
39912
40043
40079
40173
40290
40541
40645
40917
40965
41185
41194
41310
41497
41555
41661
41694
42065
42222
42291
42330
42500
42546
42574
42594
42616
42646
42709
42720
42738
42754
42756
42765
42850
43050
43203
43257
43347
43362
43405
43591
43608
43614
43773
43968
44529
44569
44616
44713
44715
44951
45003
45041
45099
45102
45156
45250
46220
46274
46337
46562
46943
47060
47171
48088
48147
48148
48154
48327
48365
48508
48768
48949
49017
49158
49201
49451
49489
49510
49620
49773
49977
50022
50186
50281
50660
50710
51012
51055
51058
51217
51309
51470
51713
52161
52232
52328
52566
52685
53097
53107
53879
54263
54840
55297
55333
55348
55477
56808
57272
57698
57905
57977
58040
58148
58451
58524
58724
59070
59498
59575
59645
60158
60173
60199
60200
60290
60493
60709
60719
60764
61057
61175
61184
61190
61388
61500
61547
61577
61954
62380
62846
62950
62972
62981
63044
63051
63097
63144
63183
63322
63324
63422
63548
63554
63684
63699
63862
63916
64197
64328
64331
64341
64396
64564
64753
64903
65380
65412
65626
66123
66220
66254
66551
66575
66694
66700
67460
68025
68080
68202
68284
68854
68905
69088
69126
69741
69830
70052
70138
70273
70286
70434
70883
71610
71625
71650
71900
71979
71994
72493
72501
72569
72634
72757
72759
72808
72862
73441
73636
73993
74014
74321
74339
74397
74409
74421
74445
74649
74705
74718
74730
74734
74755
74776
74998
75040
75064
75092
75147
75835
76139
76580
76606
76796
76827
77625
78204
78270
79512
79994
80285
81320
81666
82048
82526
82550
82568
82570
82858
83128
83781
83838
83933
83943
84527
85033
85132
85143
85155
85164
85185
92491
92526
92570
92625
92663
92702
92735
92891
92981
93405
93743
93752
93832
93863
94070
94091
94138
94361
94364
94375
95003
95639
96228
96485
97195
97599
97668
97715
98376
98546
99116
99909
101512
101927
102089
102157
102468
102879
103046
103070
103106
103185
104032
104498
104536
104758
105318
105613
105640
105694
106321
107522
107728
108387
108672
108697
110129
111245
111581
111594
112393
112455
114162
114255
114924
115113
115422
115710
115734
117141
117412
117423
117504
117534
117556
117572
117586
117605
117608
117631
117701
117780
117888
117890
118305
118950
119178
119193
119535
119726
119813
120184
120364
121030
121618
121787
121827
121987
122674
122866
122880
123006
123320
123592
123624
123625
123814
123878
123980
124029
124904
125356
125465
125531
125820
126131
126142
126701
126983
128125
128559
129445
129665
129863
130043
130265
130524
130533
130538
130619
130692
131505
131716
131927
132496
134491
134769
134880
134882
135278
135375
135729
135753
135947
136088
136089
136090
136284
136431
136467
136639
137028
138304
138310
138342
138375
138502
138510
138887
139107
139199
139587
139667
139743
139752
139803
139810
139811
139974
139990
140004
140068
140398
140403
140755
140905
141130
141607
141685
141692
143214
143543
144241
145045
145255
145579
145714
145897
146758
146800
146826
146840
146894
146915
146947
146980
147053
147236
147502
147540
147641
147715
147763
148132
148168
148315
148426
148427
148456
148542
148762
148861
148923
148930
149018
149233
149249
149250
149253
149332
149385
149390
149430
149444
149466
149564
149758
149808
149856
149906
149917
149962
150021
150083
150089
150338
150392
150470
150476
150487
150619
150651
150659
150667
150729
150760
150873
150894
150909
150921
150924
150972
151012
151048
151049
151069
151206
151417
151418
151640
151670
151806
151816
152076
152098
152274
152278
152281
152382
152466
152578
152625
152724
152802
153271
153282
153420
153557
153881
153900
153957
154126
154381
154812
155146
155567
156307
156420
156477
156686
156690
156698
156724
156786
156789
156903
157077
157098
157260
157469
157495
157497
157588
157604
157612
158089
158092
158110
158547
158674
158707
158737
159130
159136
160385
160782
160870
161492
161874
161895
161995
162530
163422
163731
164387
164530
164863
164864
164891
165142
165278
165351
165413
165986
166031
166541
166604
166940
167135
167313
167453
167475
167487
167543
167568
167570
167575
167785
168208
168229
168241
168310
168719
168879
169673
169730
169760
170402
170680
170703
170740
170843
171000
171347
172296
172563
172608
172687
173087
173197
173289
173412
173805
175141
175197
175253
175365
176184
176243
176351
176780
177112
177113
177369
177619
177778
178061
178170
178171
178172
178173
178314
178413
179142
179241
179259
179265
179402
179444
179572
179607
179613
180390
180903
181049
181082
181132
181682
181744
182078
182246
182297
182330
182333
182354
183041
183337
183701
183741
183919
183923
183973
184104
184105
184122
184281
184323
184374
184453
185064
185352
185364
185463
185493
185592
186003
186453
186699
187527
187989
188788
188805
188842
188846
188873
189026
189274
189521
190339
191304
191478
192435
192776
192850
194824
194830
195161
195219
195244
195259
195507
195515
195733
195739
195823
195826
195949
196156
196180
196246
196300
196402
196529
196530
196537
196816
196858
196867
197237
197407
197491
198762
199180
199295
199315
199325
199349
199484
199485
199940
199973
200813
200955
201388
201398
201590
201645
201673
201705
201706
201811
201817
201877
201915
202053
202179
202565
202580
202587
202588
202621
202622
202757
202908
202988
203042
203086
203098
203114
203151
203233
203300
203498
203533
203641
203815
203883
203922
204071
204086
204098
204117
204203
204287
204484
204657
204704
204738
204740
204879
205476
205596
205872
205941
206836
207354
207642
207734
207745
207746
208403
208406
208748
208790
208844
208959
209085
209095
209639
209742
210057
210641
211004
216311
216600
216920
216971
217091
217298
218120
218140
218141
218152
218210
218688
218765
218977
219267
219282
219876
219879
220076
220206
220635
220708
220848
220853
221510
221591
221854
221939
222016
222206
222462
223354
223543
223561
223600
223615
223699
223885
224177
224477
224795
225149
225407
225441
225584
225822
226805
227216
227218
227227
227343
227530
227532
227916
228792
228850
228862
228880
229020
229106
229616
229946
230093
230165
230196
230265
230894
230898
230913
230930
231170
231416
231534
231674
231797
232102
232438
232501
233431
233475
233542
233566
234595
234596
234682
234687
234858
234994
235096
235097
235099
235180
235729
236227
236914
237138
237546
237624
237633
238190
238456
238630
238799
238946
239069
239223
239745
240384
240417
240468
240738
240975
241575
241592
241744
241982
242119
242214
242274
242304
242318
243316
243367
243508
243643
244111
244579
244918
245011
245056
245703
245742
245947
246142
246309
246465
246543
247113
247269
247426
247503
247659
247777
247833
247932
248233
248418
248505
248547
248565
248571
248649
248808
249226
249416
249527
250980
251363
252105
252303
252362
252416
252779
252964
253198
254380
254647
254741
254816
255828
256020
256342
256537
256905
256969
257019
257040
257163
257343
257349
257367
257535
257823
257946
257988
258000
258006
258421
259528
259902
261028
261353
261563
261641
262470
262651
262967
263003
263016
263170
263272
263279
263344
264103
264439
264484
264973
265668
265740
266690
266994
267298
267388
267804
268032
268052
268308
268975
268980
269494
269545
270109
270259
270370
271196
271207
271937
271984
272308
272321
272617
272785
273067
273214
273274
273346
273580
273660
273764
274227
274614
274739
274785
274996
275100
275150
275420
275496
276173
276242
276531
276657
276701
276706
276840
276928
277301
277609
277837
278185
278206
278298
278404
278461
278605
278994
279007
279016
279235
279595
280087
280101
280206
280350
280864
281264
281430
282666
282877
282921
282930
283637
284075
284440
284685
284827
284832
285198
285289
285301
285871
286244
286318
286830
287123
287306
287342
287468
287885
287899
288305
288390
289028
289136
289239
289518
289659
290614
290789
291084
291434
291528
291696
291726
292260
293153
293518
293780
294025
294060
294138
294314
294317
294397
296240
296272
296571
296592
296619
296824
296900
297020
297074
297281
297312
297365
297814
298516
298725
299178
299580
299583
299651
300152
300270
300555
300591
301476
301804
302231
302232
302234
302366
302367
303228
303274
303493
303510
303765
304416
304461
304629
305079
305112
305712
305989
306307
306390
306720
307188
307419
307644
308157
308355
308736
308964
309051
309135
309216
309312
309969
310032
310584
310647
310716
310722
311373
311445
312220
312465
312723
312876
312975
314230
314465
314714
314881
314905
314921
314922
315333
315358
315367
315385
315653
315831
315925
315957
315984
315992
316015
316019
316099
316134
316196
316426
316440
316447
316452
316661
316718
316721
316823
316916
317030
317081
317153
317384
317393
318580
318865
318866
318899
319294
319396
319443
320071
320379
320440
320473
320692
320985
321084
321242
321475
321670
321902
322176
322381
322396
322483
322533
322648
323117
323330
323354
323486
323497
323792
324023
324036
324254
324502
324622
324669
324737
325071
325184
325302
325586
325621
326185
326825
327083
327200
327272
327422
327845
328590
328626
328863
329127
329277
329544
330081
330095
330112
330227
330444
330660
330954
331227
331605
331629
331656
331847
331861
331868
331908
331935
331943
331987
331991
332305
332482
332581
332599
333166
333425
333590
333704
333830
333929
334091
334346
334860
334969
335025
335465
335688
335710
335741
335840
335949
335973
335990
336035
336075
336120
336130
336133
336166
336663
336696
336991
337002
337107
337147
337509
337596
337894
338068
338679
339195
339201
339213
339330
339633
339648
339656
339696
339846
339915
340523
340650
340739
340865
340958
341040
341109
341144
341150
341249
341459
341515
341799
341892
342405
342686
342786
343487
344900
344907
345018
345188
345266
345683
345844
346273
346276
346284
346300
347014
347026
347311
347431
347491
347674
347716
347957
348003
348420
348442
348455
349328
349420
349468
349552
350236
350845
350971
351073
351418
352138
352271
352280
352327
352450
352507
352557
352683
352995
353076
353097
353562
353593
354485
354571
355349
355703
355751
356819
356996
357700
358183
358252
358311
358476
358638
358677
358913
358974
359160
359225
359240
359316
359401
359634
359945
359999
360339
360379
360415
360430
360510
360630
360663
361022
361205
361212
361245
361272
361476
361539
361761
362504
362567
363504
363629
363695
364203
364330
364400
364433
364653
364723
364750
364778
364782
364791
364860
364879
365084
365135
365187
365445
365772
365969
366260
366445
366663
366747
367035
367080
367236
367260
367303
367565
368365
368601
368724
368916
369473
371268
371481
371833
373732
375003
375059
375221
375303
375658
376101
376120
376263
376378
376395
376477
376494
376578
377294
377321
377878
378273
378570
378642
379023
379070
379236
379353
379379
379514
379789
379885
380011
380222
380236
380267
380303
380340
380361
380385
380484
380706
380814
381058
381493
381642
381693
381772
381790
381832
382878
383029
383032
383099
383221
383247
383257
383395
383476
383678
383744
383825
384631
384685
385098
385580
385875
385984
386355
386487
386603
387002
387076
387077
387483
387620
387685
387749
387797
387812
387848
387911
388397
389801
389953
389968
389977
389979
390124
390446
390630
390647
391049
391158
391205
391269
391303
391307
391342
391351
391475
391599
391739
392275
393017
393074
393466
393530
393725
394206
394283
394728
394959
395132
395164
395195
395246
395269
395386
395713
395744
396288
396474
396631
396723
396995
397001
397221
397427
397520
397848
398099
398112
398182
398207
398225
399021
399023
399043
399063
399099
399204
399316
399409
399427
399595
399628
399631
399862
399901
400015
400290
400335
400960
401172
401190
401205
401325
401513
401729
402170
402413
402437
402502
402503
402753
402891
403137
403556
403646
403805
404459
404521
404970
405293
405302
405569
406216
406254
406416
406670
406749
407076
407923
408045
408671
408824
410489
410621
411033
411039
411599
411647
411751
411948
411961
412048
412076
412127
412418
412436
412447
412590
412707
412880
412963
413175
413239
413311
413574
413940
414321
414435
414714
414877
415006
415326
415740
415914
416109
416196
416265
416745
416857
416874
417042
417117
417224
417265
417266
417764
418214
418349
418380
418913
418992
419057
419380
419557
419617
419838
419882
419952
419975
420093
420099
420359
420484
420823
420865
420997
421276
421321
421410
421639
422218
422684
422786
422798
423389
423780
423870
423936
424191
424237
424281
424326
424419
425219
425423
425453
425534
426443
427308
428193
428221
428290
428411
428414
428824
429032
429278
430273
431645
431782
431807
432002
432212
432281
432335
432386
432407
432474
432641
432695
432761
432782
432803
433028
433037
433067
433148
433172
433579
433630
433847
433873
434057
434134
434369
434399
434462
434588
434957
435693
435968
436780
436810
436859
438220
439148
439215
440234
440682
440974
441030
441044
441251
441621
442030
442176
442603
443586
443612
443620
443899
445550
445623
445651
446481
446496
446676
446738
447248
447395
447718
447846
447899
447957
448032
448829
448853
448955
449102
449583
449894
449897
449977
450131
450290
450521
451169
451263
452163
453360
453574
453668
453686
454120
454160
454167
454423
454436
454605
454715
454720
454723
454745
455368
455699
456687
457091
457132
457190
457673
457776
458008
458025
458041
458390
458409
458420
458482
458670
458768
459361
459500
459540
459766
459778
459844
459884
459885
460444
460795
460798
460801
460867
461035
461318
461338
461509
461577
461705
462176
463706
463854
464133
464175
464335
464377
464383
464505
464624
464647
465244
465300
465360
465397
465417
465470
465483
465597
465607
465674
465684
465699
465731
465736
465784
465859
466015
466058
466092
466108
466153
466163
466181
466187
466191
466250
466260
466269
466305
466322
466324
466334
466339
466355
466361
466379
466381
466403
466475
466568
466641
466922
466927
466953
466958
466959
467068
467260
467702
467835
467986
468144
468365
468677
468680
468761
468905
468962
469095
469169
469259
469819
470234
470249
470250
470276
470287
470706
470753
470856
470864
470890
471289
471607
472204
472441
472720
472790
472956
473098
473101
473284
473401
473628
473685
474220
474612
474819
474959
475167
475344
475438
476134
477112
477189
477400
477478
477596
477858
477970
478006
478314
478587
478590
478717
478719
478935
479001
479128
479191
479320
479332
479728
479932
480039
480480
480712
480863
480916
480979
481342
481344
481403
481410
481932
481967
481994
482049
482056
482206
482359
482404
482460
482489
482490
482614
482671
482724
482961
483138
483157
483160
483262
483328
483472
483502
483821
484159
484312
484407
484833
485261
485402
485807
485810
485864
486211
486440
486462
486482
486568
486569
486819
486921
487029
487085
487114
487560
487640
487877
488225
488458
488465
488476
489445
489454
489505
489580
489712
489754
489856
489994
490193
491037
491047
491097
491577
491874
492719
492745
492855
493310
493321
493409
493601
493693
493815
494336
494351
494690
494825
494966
495074
495164
495342
495923
495926
496013
496308
496329
496531
496632
496975
497055
497183
497211
497336
497537
497886
498290
498566
498745
499430
499459
499553
500223
500301
500352
500412
500437
500464
500535
500752
500928
501026
501349
501393
501458
501487
501498
501512
501633
501641
501935
501953
502044
502058
502068
502136
502167
502354
502930
502960
502978
503038
503623
505764
505918
506192
506361
506475
506768
506810
507108
507239
507281
507567
507971
508481
508643
508754
509283
509758
509846
509872
509875
510685
510752
510778
510844
510910
510985
511414
511654
511765
511816
511987
511988
512237
512249
512291
512593
512682
513007
513526
513634
513837
514453
514468
514482
515646
515676
515688
516158
516184
516318
516666
516782
516908
516967
517079
517376
517399
517475
517499
517734
518029
518053
518620
518762
518780
518835
518930
518950
519077
519115
519116
519230
519286
519366
519394
519574
519682
519792
520048
520081
520279
520415
520416
521150
521315
521595
521787
521987
521990
521991
522158
522226
522255
522266
522278
522346
522416
522564
522592
522626
522647
522698
522724
522775
522867
522902
522999
523101
523127
523146
523180
523245
523308
523328
523373
523476
523479
523570
523772
523929
523947
523965
523980
524009
524039
524047
524059
524082
524093
524105
524115
524149
524194
524219
524226
524239
524250
524274
524349
524354
524358
524380
524438
524443
524473
524482
524485
524554
524566
524575
524596
524610
524616
524617
524639
524645
524655
524665
524701
524785
524829
524833
524875
524948
524958
524963
525012
525043
525089
525101
525105
525107
525117
525119
525121
525157
525159
525168
525179
525181
525222
525230
