7343
7383
7587
10121
10126
10185
10187
10217
10315
10389
10400
10432
10476
10492
10542
10561
10568
10640
10660
10779
10946
11100
11186
11263
11331
11349
11351
11381
11461
11548
11688
11696
11716
11741
11744
11847
12028
12057
12186
12215
12258
12330
12341
12511
12532
12571
12704
12763
12847
12863
12869
13004
13024
13159
13167
13244
13307
13446
13645
13996
14061
14073
14175
14306
14343
14360
14411
14425
14467
14498
14579
14598
14660
14710
14808
14813
14875
14893
14904
14955
14967
15022
15054
15195
15198
15261
15541
15558
15562
15585
15603
15606
15608
15672
15888
15940
16323
17368
17672
17728
17815
17918
17994
18178
18182
18193
18214
18224
18229
18232
18285
18447
18515
18519
18593
18668
18698
18721
18839
19392
19395
23192
23309
23801
23990
24025
24180
24411
24628
24754
24870
24966
25188
25332
25510
25590
25874
25914
25929
26206
26352
26413
26549
26638
26674
26780
26798
27044
27083
27116
27119
27272
27604
27869
28151
28600
29294
29688
29802
29815
29872
29923
31247
31651
32276
33124
33706
33888
34247
34703
34979
34985
35672
35780
36820
36958
37041
37204
37399
37407
37420
37441
37504
38064
38431
38812
39169
39343
39607
40307
40835
40898
40988
41039
41138
41566
41711
41961
41973
42238
42280
42354
42418
42490
42646
43070
43113
43179
43251
43260
43461
43485
43594
43744
43746
43837
43899
43959
44019
44163
44334
44344
44568
44986
45019
45548
45665
45816
45866
46098
46268
46310
46437
46500
46589
46647
46749
46832
46838
46866
46910
46989
47084
47165
47317
47503
48256
48489
48581
48594
49885
49908
49917
50279
50918
51087
51195
51264
51501
51579
51780
51785
51822
51944
52465
52713
53297
53565
53876
53888
54138
54237
54384
54453
55880
56000
56039
56166
56171
56403
56555
56829
57131
57275
57281
57377
57707
57920
57941
58346
58866
59415
59424
59515
60381
60891
60924
61067
61081
61146
61962
61970
62637
62644
62736
62914
63210
63369
63373
63585
64137
64238
64340
64525
64569
64624
64639
64648
64672
64680
64724
65008
65284
65944
65985
66291
67018
67131
67311
67327
67329
67482
67571
67809
68718
69310
69368
69459
69468
69699
69711
69774
69789
69939
70022
70263
70531
70912
70954
70961
70986
71062
71182
71422
71491
71501
71590
71611
71671
71842
71903
72016
72102
72214
72295
72326
72339
72385
73003
73006
73426
73460
73604
73959
74196
75084
75225
75455
75659
75935
75938
75968
76078
76157
76198
76232
76273
76325
76357
76441
76528
76632
76814
76880
77036
77300
77443
77454
77645
77878
77977
77986
78008
78261
78504
78757
78778
78808
79309
79544
80059
80085
80124
80182
80255
80285
80437
80485
80509
80617
80874
80877
81049
81360
81644
81701
81932
82064
82175
82559
82782
82970
83007
83200
83236
83311
83473
83998
84168
84821
85045
85236
85604
85750
86041
86233
86601
86742
86816
87165
87195
87608
87611
87900
87938
88172
88664
88935
89417
89795
90032
90059
90191
90215
90561
90719
91067
91109
91112
91115
91205
91237
91332
91352
91418
91473
91661
91751
92248
92327
92345
92672
93878
93914
93916
94049
94111
94126
94158
94374
94419
94534
95043
95228
95330
95345
95430
95441
95464
95696
95918
96083
96236
96356
96367
96648
97752
98051
98339
98561
99089
99194
99323
99519
99672
99707
100025
100056
100118
100121
100216
100373
100402
100467
101531
101667
101716
101827
102254
102405
102407
102849
103325
103334
103467
103610
104194
104420
105029
105130
106030
106412
106422
106423
106448
106478
106512
106550
106651
106745
106753
106918
106944
107634
108662
109062
109559
109698
109718
109995
110385
110685
110772
110799
110830
110956
111014
111083
111137
111164
111209
111377
111402
111676
111840
111854
112269
112327
112437
112632
113066
113178
113187
113457
115195
115452
117506
117705
118055
118484
118505
118509
118510
118537
118734
118743
118809
118846
118974
119253
119435
119512
119908
119917
120023
120062
120129
120135
120144
120324
120663
120933
121077
121096
121112
121136
121339
122181
122415
122997
123248
123266
123483
123491
123513
123977
124059
124424
124905
124914
125204
125382
125694
125757
125939
126294
126332
126393
126427
126477
126600
126641
126688
128035
128140
128257
128550
128887
129774
131479
131491
131492
131495
131499
131509
131539
131827
132404
132643
133248
133491
133776
134157
134361
134795
134805
134844
135398
136024
136032
136376
136403
136461
136561
136691
136721
136730
136922
137133
137914
138302
138317
139520
139649
140395
140432
140433
140620
140834
141218
141605
141778
141918
143096
143292
143601
143796
143852
144680
145464
145866
146641
148327
149213
149714
150279
150310
150355
150637
150787
150840
151017
151103
151335
151430
151653
151669
152050
152075
152213
152265
152335
152858
153357
153493
153957
154013
154497
154647
154841
154907
154914
154958
155081
155130
155252
155570
155901
155918
155958
156540
156616
156904
157088
157093
157820
157999
158171
158684
158931
159556
159573
159574
159876
160020
160038
160248
160282
160912
161593
161851
162340
162461
162474
163835
163997
164372
164551
164929
165159
166218
166901
166933
167248
167641
167730
167865
168412
168864
168966
169277
169796
170316
170607
170928
171528
171603
171768
171887
171917
172034
172782
172783
173003
173318
173362
173562
173833
173911
173948
174295
174381
174469
175389
175411
175434
175575
176297
176736
176819
177093
178371
179020
179281
179823
179849
180132
180284
181132
181306
181388
181576
181621
182827
183157
183270
183277
183309
183430
183617
184260
184661
185026
186070
186229
186610
186622
186629
186649
186697
186890
187192
187243
187252
187305
187426
187751
187774
187817
187824
187837
187885
187939
188018
188040
188051
188495
189254
189415
189983
190022
190070
190106
190541
190706
190754
190829
191360
191462
191532
191863
192181
192221
192670
192892
193525
193624
193678
193834
193876
193949
193978
194375
194686
194739
194773
195290
195460
196106
196110
196269
196529
196666
197361
197502
197574
198962
199202
199227
199270
199328
199337
199354
199687
200070
200268
200354
200362
200794
200885
201006
201055
201582
201834
202626
203184
203706
203832
204288
204868
204947
205211
205406
206276
206288
207117
207250
207299
207581
207710
208304
208343
208385
208758
209333
209654
209778
209789
209849
210614
210722
211134
211386
211413
211419
211420
211626
211989
212818
212944
213399
213423
213725
213822
216124
216211
216261
216469
216618
216640
216696
216724
216898
216970
217204
217279
217418
217471
217536
218938
218942
219111
219227
219306
219342
219359
219365
219648
219746
219959
220036
220073
220166
220406
220626
220720
221651
221699
222196
222290
222545
222646
222725
223241
223697
223802
224528
225263
225397
225485
225841
226347
226401
226500
226704
227128
227383
228392
228943
229603
229938
230010
230208
230344
230482
230914
230923
231897
232187
232238
232335
232399
232541
232802
233446
234319
234520
234579
234654
234744
234751
234927
235117
235493
235642
236916
237168
237393
238052
238122
238396
238604
238676
238975
239036
239078
239168
239577
239591
239600
239816
239949
240008
240545
240570
240818
240961
240999
241100
241465
241522
242204
242241
242415
242468
242801
243058
243135
243371
243377
243774
243867
243981
244317
244849
244855
244908
245067
245083
245272
245401
245499
245940
246045
246116
246625
247093
247327
247707
247710
247750
247981
248107
248340
248444
248522
248659
248756
248777
248828
249012
249157
249177
249234
249256
249335
249347
249703
249798
249807
249845
250386
251361
251581
251700
251702
251787
251970
252051
252588
252642
252657
253191
253643
254204
254667
254691
254736
254754
254798
254838
254945
255414
255503
255702
256194
258068
258290
258361
258479
258499
258531
258549
258561
258700
259115
259303
259828
260094
260126
260269
260346
260434
260675
260734
260867
261062
261130
261138
263386
263633
263978
263992
264105
264717
265867
265913
265998
266021
266122
266217
266530
266704
266707
266713
266773
266814
266836
266854
266992
267025
267040
267067
267091
267094
267100
267137
267268
267430
267889
268424
268597
268762
269226
269314
269858
269918
270473
271540
271703
272125
272403
272797
273467
273587
273763
274136
274152
274455
274459
274753
274764
275154
275157
275181
275917
275970
276167
277227
277720
278612
278802
279216
279267
279303
279413
279422
279726
279886
280223
280712
280729
280801
281064
281114
281161
281166
281289
281339
281418
281654
281684
281802
281895
281939
281991
282297
282367
282377
282633
282635
282807
282882
282885
282941
283027
283294
283352
283386
283635
283654
284061
285018
285101
285220
286038
286642
286888
287710
287932
288216
288379
288812
288990
289439
289477
289609
289658
289706
290196
290223
290251
290420
290529
291118
291339
291705
291980
292073
292077
292698
292770
293229
293991
294185
294573
294941
295241
296063
296659
296971
297170
297527
297816
297869
298006
298080
299126
299183
299186
299438
299795
300269
300317
301091
301211
301517
301562
301749
301857
301864
301962
302478
303444
303778
304224
304272
304335
304530
304611
304656
304950
304983
304998
305860
305933
305978
306189
307383
307978
307980
308111
308268
308551
308785
308835
309420
309472
309505
309616
309648
311096
311308
311423
311716
311744
311789
311853
311900
312350
312427
312538
312588
312636
312731
312786
312956
312966
312972
313090
313106
313136
313147
313295
313343
313344
313373
313409
313434
313473
313507
313542
313613
313678
313716
313820
313861
313876
313905
313933
313937
314015
314032
314064
314126
314127
314149
314270
314632
316086
316166
316219
316222
316361
316556
317278
317773
317776
317802
317845
318016
318564
318769
318824
319090
319404
319971
320053
320548
320565
321046
321126
321168
321180
321213
321279
321771
321819
321983
322096
322222
322970
323033
323078
323117
323837
324181
324410
325958
325963
326225
326290
326423
326507
326711
326759
327079
327482
327951
328044
328168
328169
328172
328266
328370
328773
329109
329286
329430
330515
330953
331286
332391
332410
333311
333453
333687
334003
334084
334115
334175
334208
334460
334747
335065
335254
335262
335362
335373
335461
335687
336936
336939
337365
337748
337768
337825
337830
337864
338632
339113
339301
339325
339355
339493
339574
339578
340071
340374
341139
341670
342537
342688
342869
342945
343118
343233
343263
344031
344171
344307
344643
345845
346125
346257
346317
346405
346425
346467
346546
346563
346596
346614
347523
347565
347710
347966
348010
348215
348231
348234
348237
348249
348538
349106
349266
349284
349449
349582
349876
349975
350201
350630
350747
351071
351084
351279
351505
351775
351910
351979
352273
352279
353095
353158
353501
353927
353984
354824
354899
354901
355357
355369
355510
355522
355846
355867
356106
356114
356203
356207
356208
356365
356412
356434
356484
356686
356782
356812
357558
357591
357652
358579
359032
359108
359214
360069
360105
360895
361213
362202
362260
362406
362418
362438
362845
362931
363993
364031
364071
364081
364493
366037
366457
366698
366971
367182
367509
367672
367745
369590
369827
370163
370290
370724
370865
371070
372402
373147
373148
373403
373862
374069
374386
374513
374552
374657
374678
374835
374909
374973
375051
375068
375120
375133
375464
375548
375604
375629
375681
375684
375788
375805
375890
375893
375938
376103
376137
376178
376204
376307
376454
376496
376801
377067
378140
378167
378297
378311
378362
378394
379043
379941
380064
380166
380871
381359
381728
382087
382366
382384
382388
383393
384413
384861
385333
386134
386486
386495
386509
386529
386647
386670
386749
387130
387218
387774
387886
388609
389540
390133
390242
390667
391199
391523
391709
392199
392281
392531
393117
393265
393341
393689
393858
393964
394349
394442
394642
394827
394983
395078
395254
395734
395786
395813
395859
395956
396002
396145
396195
396210
396320
396344
396364
396377
396489
396494
396523
396536
397051
398005
398138
398201
398340
398657
398663
398687
398920
399151
399480
399565
399605
399993
401320
401662
402039
402074
402148
402191
402268
402355
402491
402763
402995
404065
405076
405961
405965
406354
406584
406631
406750
406753
406754
406782
406874
406935
407018
407293
407419
407587
407588
407924
407977
408209
408252
408293
408389
408422
408467
408701
408710
408715
408813
408950
408982
409103
409544
409892
410293
410380
412273
412852
414051
414096
414734
415070
415086
415396
416178
416321
417137
417748
417790
417910
418513
418981
419038
419228
419275
419354
419654
419815
420508
421052
421719
421919
421961
422255
422511
422789
423037
423069
423522
423805
424029
424461
424638
424927
424935
425002
425386
425902
425923
426277
426331
426332
426333
426357
426433
426583
426961
427341
427684
427920
428230
428251
428311
428478
428860
428948
429460
429466
429593
429972
430305
430454
430574
430576
430652
430822
430837
430927
431050
431387
431836
431926
432043
432416
433106
433316
433760
434454
435597
435644
435662
435856
435857
435899
436514
436820
437416
437421
437636
438679
438685
438849
438865
438881
438905
438929
438946
439161
439206
439545
441532
441591
441621
441625
441679
441763
441820
441832
441870
441894
441963
442012
442069
442111
442550
442559
442603
442670
442741
442869
443018
443031
443049
443089
443133
443176
443177
443296
443311
449868
449872
451358
451413
451710
452483
454403
454721
455182
455960
456140
456259
456278
456429
456505
456519
456801
456960
457074
457575
457651
457805
457989
458352
458406
459145
459148
459244
459252
459399
459479
459496
459532
459581
459617
459715
459750
459829
460044
460131
460182
460408
460898
461582
461594
462662
462734
463255
463589
463625
464078
464131
464210
464249
464854
464956
464985
465425
465974
466898
467203
467618
467708
468281
468382
468645
468715
468771
468798
469408
470392
470483
470583
471239
471243
471353
471407
471655
471690
471782
471960
472093
472137
472195
472938
472959
473209
473482
473821
474020
474035
474191
474743
474802
474824
475104
475107
475295
475583
475676
475964
476003
476295
476912
477380
477413
477830
477953
477976
478420
478595
478658
480101
480122
480257
480265
480335
480365
480752
481268
481448
481570
481740
481814
481923
482316
482384
482408
482754
483430
483535
483728
483903
484002
484207
484306
484412
484500
484537
484694
484935
485002
485006
485135
485264
485267
485312
485333
485380
485579
485936
485993
486292
487184
487234
487444
487511
488315
488358
488467
488527
488534
488644
488650
488828
488835
490207
490395
490402
490405
490524
490700
490942
491171
491327
491617
491911
491960
492329
498796
498817
498820
498913
499040
499058
499333
499623
499635
499716
499930
500515
500619
500783
500798
500804
500850
500985
501311
501338
501707
501989
502037
502070
502151
502185
502220
502228
502377
502533
503028
503228
503767
504064
504179
504185
504197
504211
504218
504280
504309
504481
504531
504588
504616
504710
504711
504773
504934
505113
505207
505386
505580
505646
506069
506534
506573
506669
506678
506735
506870
507380
507527
508181
508371
508859
509075
509437
509797
509843
509869
509962
510678
511287
511356
512295
512380
512467
512578
512715
512863
513385
513475
513481
513544
513778
514150
514288
514855
514940
515086
515252
515431
515785
515827
516553
516826
516940
516974
517321
517327
517549
517944
518446
519091
519506
519649
519684
520849
520883
520994
521119
521308
521374
521398
521557
521706
521844
521857
521881
522010
522319
522358
522421
522505
522683
522702
522704
523179
524223
524484
525798
525805
525834
526150
526303
526682
527126
527321
527477
527534
527822
527960
529403
530156
530258
530520
531795
532782
533061
534650
534911
535145
535565
536997
537418
538311
538770
538899
538953
539053
539082
539198
539229
539346
539462
540205
540256
540509
540528
540683
540880
541003
541065
541074
541175
541980
542508
542681
542706
542721
542730
542808
543054
543081
543192
543417
544392
544734
545207
546474
546617
547317
547398
547419
548061
548258
548447
548562
548824
549010
549124
549247
549608
549631
549660
549690
549693
549874
549916
549929
550177
550210
550341
550381
550408
550834
551094
551130
551150
551262
551268
551385
551411
551635
551661
551677
551994
552089
552107
553559
553727
554188
554357
554720
554819
554822
554823
554883
554931
554949
554955
554982
555023
555065
555089
555106
555164
555177
555234
555256
555399
555415
555417
555444
555453
555518
555718
555959
556060
556080
556109
556205
556281
556342
556443
556597
556607
556662
556665
556749
557037
557044
557207
557406
557523
557842
557877
558392
558717
559174
559558
559656
559696
559786
559831
559837
559859
559862
560011
560026
560290
560389
560689
560836
560838
560913
560938
561062
561069
561108
561180
561186
561205
561211
561309
561348
561353
561421
561442
561458
561460
561468
561486
561532
561569
561702
561720
561724
561734
561794
561809
561821
561858
561947
561993
562116
562149
562183
562513
562899
562995
563139
563196
563225
563275
563320
563324
563344
563348
563414
563479
563560
563605
563646
563755
563807
563837
563899
563908
563929
563956
563962
564022
564052
564072
564074
564197
564316
564365
564381
564478
564489
564502
564576
564577
564791
564841
564850
564865
564880
564968
564974
565161
565423
565742
565749
565769
565880
565897
565903
565938
565942
565962
566004
566008
566085
566086
566108
566136
566139
566161
566456
566642
566643
