2905
2906
3136
3292
3297
3333
3435
3528
3814
3922
4271
4432
4433
5583
5655
5833
5911
5928
6062
6186
6332
6500
6508
6932
7061
7228
7754
8579
8910
9352
9467
9517
9675
10393
10419
10540
10969
11253
11478
12089
12163
12236
12483
12585
13068
13335
13358
13360
13502
13849
14184
14229
14326
14347
14494
14550
14566
14779
14945
15842
15843
15847
15848
16136
16142
16538
16556
16612
16782
16794
16846
16866
16901
16954
16988
17051
17335
17400
17458
17657
17941
17990
18091
18416
18424
18538
18811
18848
18850
18852
18863
18976
19141
19164
19206
19367
19617
20142
20233
20243
20302
20802
20841
20955
21006
21008
21063
21194
21208
21214
21280
21722
22482
22569
22620
22917
23064
23241
23296
23592
23688
23928
24246
24374
24503
24542
24544
24595
24639
24745
25946
26057
26289
26389
26562
26749
27293
27752
29242
29807
29986
30016
30025
30028
30189
30361
30438
30481
30571
30574
30593
30771
30911
31185
31379
31460
31810
31850
32204
32395
32494
32749
32888
32956
33016
35244
35283
35589
35758
35874
36452
36689
36697
36810
36921
37146
37157
37308
37338
37401
37498
37524
37530
37578
37587
37977
37995
38222
38226
38351
39003
39127
39666
39672
39711
40144
40617
40659
40989
40998
41010
41067
41343
41373
41391
41403
41404
41430
41533
41540
42126
42141
42676
42738
42757
42771
42807
42834
42835
42876
42897
42900
42936
43185
43368
43419
43498
43630
43800
43830
43835
43854
43946
43949
44136
44246
44292
44293
44298
44336
44364
44440
44511
44796
45069
45405
45588
45765
46074
46101
46370
46424
46914
46927
46966
47071
47435
47705
47924
47998
48118
48147
48385
48499
48790
48808
49687
49705
49758
50020
50112
50257
50386
50968
51307
51964
53003
53209
53295
53908
54204
55347
55666
55815
56082
56664
56757
56919
57354
57519
58323
58673
59814
60015
60459
60963
61076
62229
62544
62547
62646
62706
63248
63525
63662
63772
63876
63934
64527
64671
65076
65198
65339
65568
66027
66130
66243
66285
66342
66392
66450
66675
66681
66702
66804
66860
66882
67050
67215
67332
67915
67941
68089
69000
69417
69498
69933
71149
71203
71211
72462
72501
72528
72570
72679
72810
72833
73515
73548
73560
73719
73745
74037
75397
75765
75787
76510
76532
77204
77498
77534
77856
78002
78194
78224
78341
78422
78581
78694
78708
78869
79002
79169
79540
79729
79772
79829
79835
79898
80289
80724
80805
80811
80854
80953
81202
81526
81670
81688
81718
81865
81976
82281
82454
82462
82709
82777
82919
83196
83481
83535
83551
83554
83733
83736
83745
83746
83753
84030
84184
84327
84360
84433
84454
84611
84635
84671
84826
84965
85122
85423
85522
85942
87002
87043
87176
87584
87650
87737
87764
88715
88724
89072
89097
89198
89225
89356
89374
89443
89545
89684
89886
89958
90318
90346
90349
90552
90595
90610
90634
90637
90751
90991
91057
91192
91339
91606
91766
91773
92135
92145
92174
92202
92728
93302
93352
93562
93575
94383
94669
95179
95185
95608
96471
96900
96914
97020
97036
97191
97347
97456
97535
97582
97587
97620
98046
98085
98109
98124
98162
98240
98834
98939
99601
99646
99882
100090
100443
100445
100475
103675
105045
105752
106691
106799
106922
107194
107298
107546
108164
108227
108783
108868
108984
109080
109094
109100
109601
109778
110439
110685
110740
110746
110922
111265
112039
112062
112116
112672
112727
112813
113037
113168
113281
113704
113806
113884
114085
114400
114403
114430
115354
115481
115716
115995
117096
117695
117714
118009
119090
119238
119301
119326
119362
120788
120917
121473
121508
121841
122682
123365
123525
123526
124745
124864
125293
125450
125483
125802
126022
126182
126814
126997
127000
127262
127589
127793
128515
128761
129031
129125
129200
129329
129844
129867
129968
130457
130459
130567
130645
130789
130867
131939
132450
132570
133489
133509
133991
134030
134184
134382
134462
135130
135581
136180
136268
136298
136395
136401
136665
136700
136764
136782
136836
136860
136868
137245
137381
137391
137979
138154
138642
138643
138829
138867
139573
140688
140707
141194
141217
141227
141291
141507
141809
141902
142063
142095
142986
143087
143133
143527
144014
144069
144520
144663
145596
145718
145907
145942
146277
146797
146817
147261
147343
147354
147954
148063
148284
148838
148916
149209
149458
150032
150122
150681
150922
150990
151386
151858
151935
152011
152114
152470
153052
153112
153208
153490
153726
153756
153799
153948
154462
154914
154982
155363
155667
155787
156045
156669
156795
156873
156909
157011
157203
157323
157584
157626
157956
158092
158241
158889
158990
159194
159487
159732
159843
160836
160971
162110
162580
162581
162881
163460
163484
163846
164421
164422
164793
164892
164905
164907
165003
165037
165256
165363
165418
165532
165571
166202
166454
166464
166469
166705
167238
167584
167588
167857
167974
168128
168162
168746
168942
170362
170581
170827
171027
171480
171642
171961
172015
172034
172091
172122
172151
172369
172454
172538
172688
172701
172781
172973
173009
173060
173114
173133
173190
173321
173393
173411
173875
173880
174485
174593
176323
176422
177728
177965
178025
178046
178121
178177
178243
178268
178399
178422
179179
179200
179275
179289
179314
179405
179438
179688
179723
180155
180512
180524
180730
180758
180760
182392
182533
182568
182634
182867
182950
183161
183323
183848
184604
184691
184772
185459
185846
186196
186571
191606
192080
192348
192744
192810
193235
193315
193826
193829
193963
194991
195153
195753
195825
196269
196469
196589
196624
196937
196966
197099
198632
199097
199184
199394
199979
199994
200416
200539
200580
200581
200609
200678
200709
200730
200857
200908
201270
201274
201291
201496
201754
202162
202180
202194
202203
202204
202215
202261
202274
202311
202417
203085
203999
204350
204464
205160
205207
205494
205594
205614
206279
206393
206548
206804
206966
207449
207495
207533
207981
208226
208346
208390
208585
208852
208957
209107
209212
209467
209488
209983
210091
210103
210150
210184
211000
211081
211221
211408
212498
213298
213314
213360
213442
213480
213499
213501
213521
213549
213763
213795
214034
214047
214123
214237
214288
214293
215029
215821
215965
216046
216310
216378
216553
216898
216902
216920
216924
216943
216999
217268
217889
218667
218829
219828
220007
220041
220373
220812
220819
220953
220967
221090
221112
222010
222096
222563
222981
223839
224495
224853
224890
224949
225906
226095
226243
226518
226854
226949
227319
227955
228015
228092
228361
228411
229656
230116
230208
230391
230442
230640
230673
230745
230876
230894
230930
231227
231356
231739
231784
231843
232173
232217
232583
232793
233286
233315
233322
233331
233498
233727
234298
234425
234462
234622
234655
234765
234902
235014
235027
235115
235232
235274
235318
235400
235406
235420
235427
235797
236044
236273
236278
236405
236483
237733
238207
238663
239027
239868
240181
240233
240375
240409
240758
240828
241013
241041
241104
241665
241807
241920
241961
241962
242055
242750
243064
243823
243838
244927
246807
246873
247889
247899
247927
247931
247951
247983
247987
248663
248727
250345
250518
250668
250826
250977
251091
251136
251202
251276
251285
251288
251328
251433
251490
251593
251644
251691
251727
252174
252195
252870
252887
253028
253608
253766
254095
254477
254579
254796
254980
255425
255714
255717
255762
256440
256637
256761
256790
256839
256965
257166
257183
257249
257258
257396
257423
257882
257970
258116
258943
259176
259177
259318
259538
259634
259717
259816
259883
259900
260438
260491
260530
260628
260745
260992
261094
261127
261192
261356
261359
261609
261863
261983
262215
262447
262597
262641
263151
263194
263933
264063
264216
264354
264362
264372
264393
264463
264513
264644
264857
264863
265409
265706
266189
266211
266265
266888
267033
267161
267180
267483
267597
267639
267702
267738
268320
268389
268550
269301
269419
269512
269674
270096
270276
271504
272535
272709
273474
273558
273882
274129
274476
274968
274971
275016
275743
276020
276893
277058
277294
277704
277738
277967
278042
278143
278363
278682
278996
279015
279367
279452
279551
279656
279884
279998
280076
280523
280538
281154
281247
281564
281610
281630
281745
281858
282515
282696
283164
283167
283186
283395
283403
283662
284122
284714
285158
285308
285338
286292
286298
286932
287048
287278
287397
287430
287510
287808
288252
288285
288369
288501
288683
288768
288812
288830
288886
288934
289028
289102
289528
289654
289718
289966
290110
290335
291136
291274
291275
291288
291378
291388
291391
291599
291796
292314
292550
292788
292877
292922
292927
293043
293072
293792
294093
294317
294337
294837
294927
294979
295134
295309
295501
295536
295546
295672
295702
295849
296208
296531
297137
297206
297330
297401
297512
297561
297833
297874
298085
298392
298808
298924
299201
299533
299574
299707
299878
300490
300556
300655
300661
300787
300808
300874
301630
301822
301932
302020
302051
302094
302114
302158
302180
302496
302514
302515
302601
302673
302701
302846
302883
302903
302911
302972
302978
303330
303363
303454
303510
303559
303593
303647
303742
303892
304331
304470
304494
304495
304785
304820
304902
305056
305086
305339
305403
306177
306214
306374
306530
306545
306652
306732
307067
307110
307162
307166
307341
307562
307916
307923
307947
307998
308042
308234
308236
308325
308513
308638
308826
309310
309823
309937
310006
310828
310861
310963
311030
311077
311476
311562
311590
311695
311806
312103
312109
312130
312262
312273
312541
312640
312773
313084
313203
313215
313226
313247
314607
314787
314793
314820
315021
315792
315983
316222
316255
316261
316351
316704
317142
317644
317831
318297
318519
318732
318939
318978
319011
319054
319126
319554
319577
319692
320103
320335
320791
320968
321042
321345
323096
323120
323165
323178
323926
323947
324133
324276
324317
324667
324894
325126
325747
326278
326578
326807
327648
327707
327982
328076
328433
328781
328853
328937
329815
331291
331936
332101
332454
332860
332964
333340
333397
334655
334962
335009
335314
335340
335708
336013
336015
336224
337917
337995
338328
338559
338984
340451
340558
340626
340714
340743
340923
341112
341198
341302
341772
342080
342082
342085
342088
342148
342429
342621
342712
342776
343032
343095
343212
343231
343371
343977
344140
344412
344465
344474
345576
346598
346911
346941
347012
347376
347586
347628
347878
348083
348332
348497
348702
348777
348933
348948
348953
349176
349262
349286
349395
349404
349433
349453
349628
349723
349940
350071
350196
350267
350566
351160
351226
351268
351311
351348
351989
352064
352373
352511
352727
352793
352843
353048
353066
353167
353200
353207
353214
353393
353419
353522
353672
353705
354035
354092
354194
354197
354293
354308
355117
355159
355264
355332
355649
355654
355728
355745
355841
355897
356016
356178
356315
356832
358024
358323
358522
358916
358952
358973
359254
359596
359871
360019
360538
360730
360925
361015
361040
361043
361774
361798
361807
361973
361983
362173
362315
362502
362591
362636
362661
362705
364013
364605
364711
364928
365043
365138
365209
365224
365330
365352
365376
365573
366581
366808
366915
367068
367263
367303
367407
367419
367833
367926
368313
368658
370478
370529
370850
370889
371060
371345
371565
371762
372239
372308
372935
372950
373211
373379
373448
373452
373454
373508
373745
374280
374290
374291
374407
374411
375324
376307
377273
377301
377792
377843
378038
378170
378360
378422
378458
378519
378612
378664
378920
378934
379000
379176
379202
379205
379283
379301
379380
379423
379432
379434
379560
379647
379655
379670
379784
379829
379888
382857
382980
383398
383913
384000
384363
384453
384774
384792
385424
385427
385473
385536
385778
386489
386780
386882
387120
387240
387382
387796
388501
388983
389051
389059
389074
389086
389148
389275
389357
389905
389996
390203
390230
390357
390609
390664
390679
390734
390738
390798
391161
391710
391848
391941
392315
392586
393359
393589
393707
394272
395181
395302
395416
396283
396781
396790
396831
397150
397635
397717
397745
397823
398547
398924
399102
399177
399300
399626
399800
399936
399987
400972
401778
401790
401850
401916
402660
402809
403011
403063
403558
403561
404302
404440
404905
405007
405343
405405
405844
405904
406042
406093
406501
406946
407229
407615
408123
408244
408275
408523
408846
408966
409121
409429
410634
411004
411059
411060
412188
412504
412834
413537
413937
414022
414092
414446
414688
415219
415240
415279
415294
415447
415461
415517
415974
416779
416957
417216
418093
418278
418630
418969
419090
419264
419358
419455
420060
420154
420288
420426
420643
420968
421142
421343
422041
422354
422714
422891
422897
423206
423380
423545
423807
423977
424217
424647
424739
425840
425991
426133
426490
426749
427115
427165
427367
427808
427874
427982
428081
428217
428986
429005
429021
429076
429113
429123
429131
429143
429210
429385
429580
429643
429656
429690
429694
429883
430458
430572
430641
430891
431067
431173
431184
431261
431262
431353
431356
431381
431473
431520
431525
431543
431565
431684
431704
431740
431836
432073
432086
432111
432159
432238
432344
432872
432873
432925
432997
433122
433171
433175
433276
433489
433506
433563
433647
433902
434075
434079
434236
434397
434538
434546
434693
434978
435357
435441
435621
435639
435648
435807
435882
436826
436846
437150
437585
437645
437754
437891
437935
437983
438169
438376
438489
438581
438605
438764
439212
439244
439266
439278
439416
439500
439560
439568
439746
439751
439813
439850
439852
439879
439946
439996
440084
440093
440189
440216
440297
440299
440333
440346
440388
440396
440499
440644
440701
440752
440899
441214
441706
441811
441955
442021
442273
442420
443009
443730
444125
444224
444993
445038
445062
445069
446016
446448
446463
446746
446820
446891
446892
447051
447357
447432
447586
447730
447799
447842
447902
448011
448110
448143
448425
448508
448656
448686
448716
448805
448966
448997
449175
449350
449566
449597
449649
450846
450894
451041
451133
451283
451308
451419
451772
452719
452823
453079
453136
453487
453611
455402
455972
455980
456155
456179
456602
456743
457094
457349
457475
457589
457774
457893
457945
458003
458607
459484
459513
459567
459691
459753
459882
460022
460882
460937
461094
461157
461443
461450
461628
462622
462821
462930
463033
463058
463071
463364
463472
463660
463824
464549
465781
465811
466102
466619
466856
466941
466983
467080
467228
467333
467399
467597
467651
467684
467711
467744
467771
467777
468077
468107
468233
468540
468565
469557
470065
470250
470988
471198
471301
471593
471654
471817
471840
472699
472789
473430
473525
473530
474475
474620
475292
475298
475448
475980
476045
476390
476936
477085
477206
477359
477617
477692
477776
477914
478037
478176
478313
478766
478973
479187
479195
479380
479723
480070
480565
480637
481041
481138
482141
482277
482863
482864
482900
483005
483400
483401
483577
483589
483600
483614
483682
483717
483740
483771
483783
483809
483815
484090
484393
484732
484739
484810
484887
484909
485495
485584
485630
485906
486233
486335
486368
487179
487567
487626
487734
487769
488006
488339
488405
488665
488882
489458
489665
489715
489931
489975
490112
490620
490797
490933
491090
491306
491399
491562
491862
493124
493193
493329
493438
493442
493646
493653
494238
494331
494359
494502
494571
494661
495360
495588
495714
495815
496005
496074
496131
496275
497389
497544
497545
497655
497702
497746
497998
498051
498054
498069
498225
498394
498712
498730
498942
499168
499266
499300
499456
499635
500449
500650
500815
501047
501258
501329
501383
501455
501710
501830
501881
501916
502310
502652
503165
503357
503387
503396
503618
503668
503732
504002
504071
504179
504230
504740
504995
505031
505187
505243
505268
505505
505727
505895
505937
506252
506430
506729
506760
506935
506978
507276
507278
507344
507354
507364
507365
507763
507764
508136
508337
508406
508774
508894
508942
509070
509106
509190
509431
509797
509825
510202
510720
510905
511693
512071
512082
512746
512867
512956
513097
513184
513249
513425
513454
513471
513762
513787
514016
514029
514043
514315
514627
514869
514920
514927
514945
514948
514951
514957
515114
515579
515611
515680
515689
515713
515716
515783
515989
516074
516158
516166
516223
516240
516391
516569
516581
516881
517103
517129
517130
517179
517204
517238
517282
517860
517968
517983
518236
518577
518593
519020
519160
519321
519384
519513
519538
519627
519655
519728
519796
520153
520210
520276
520399
520625
520634
520682
520873
521296
521362
521452
521476
521737
521933
522139
522458
522668
522677
523472
523996
524433
524559
524673
524721
524727
524802
525008
525178
525421
525462
525514
525633
525867
526035
526649
526688
527133
527423
527432
527438
527534
527629
527630
527758
527820
528213
528273
528401
529150
529158
529197
529435
529669
529895
529929
529934
529983
530043
530211
530268
530289
530471
530499
530545
530607
531590
532742
533844
533947
533984
534234
534309
534319
535201
535267
535346
536243
536702
536945
537096
537259
537420
537543
537596
537672
537783
537837
537898
538650
539073
539491
539987
540180
540875
541329
541354
541571
542388
542583
542802
543799
543990
543993
544557
544599
544959
545152
545292
545424
546387
546403
546501
546534
546552
546559
546863
546903
546964
547337
547536
547817
548319
548560
548704
548884
549094
549222
549262
549444
549606
549752
550359
550377
550800
550812
550839
550913
552248
552800
552901
552941
552953
553078
553096
553141
553164
553342
553697
553952
554156
556740
556863
557196
558102
558521
558621
559196
559313
559385
559412
559575
559615
559707
560154
560580
560625
560658
560728
561038
561215
561220
561431
562201
562378
562500
562712
562744
562850
563339
563395
563539
564055
564640
565093
565509
565592
565671
566023
566212
566653
566670
566686
567430
567495
567877
568041
568347
568658
568685
568908
569033
569114
569245
569471
569606
569673
569747
570052
570460
570469
570508
570916
570918
570938
570942
570944
571029
571035
571065
571088
571139
571301
571323
571329
571557
571639
571872
572601
572739
572874
573150
573289
573370
573395
573397
573465
573485
573486
573513
573530
574194
574638
574927
575248
575327
575606
575717
576209
576400
577326
577461
578230
578685
578688
578716
578770
578804
579169
579577
579788
580043
580052
580181
580243
580299
580341
580463
580811
580836
581385
581481
581512
581534
581566
581590
581619
581744
581851
581941
582019
582036
582256
582336
582583
582622
582855
583085
583102
583793
583946
584726
584818
584906
585008
585020
585048
585134
585183
585254
585687
585764
585824
585831
585833
585937
585995
586293
586298
586352
586783
587530
587779
588016
588241
588580
588621
588724
588787
588890
589432
589580
589969
590307
590419
590742
590760
590994
591638
591644
591912
591920
593181
594179
594303
594807
596220
596556
596684
596708
596871
596880
596991
597032
597223
597543
597889
598496
599004
599407
599592
599900
600536
601177
604186
604404
605465
606370
606560
606902
606908
607802
608028
608039
608185
608249
608415
608474
608568
608639
608676
608829
608978
609095
609137
609152
609420
610502
612141
612496
612809
613110
613247
613259
613676
614127
614207
614248
614318
614450
614464
615361
615437
615858
616020
616059
616170
616950
617028
617457
617620
618317
618540
618631
618632
618772
618816
618845
619085
619163
619266
619364
619375
619480
619485
619516
619524
619607
619671
619879
620085
620113
620137
620186
620195
620200
620500
620683
620792
620816
620825
621388
621430
621490
621733
621781
621823
621982
622147
622230
622254
622262
622444
622597
622631
622708
623443
623494
623581
623698
623830
624124
624142
624170
624205
624274
624461
624652
624661
624901
624919
624949
624953
625000
625044
625191
625198
625275
625470
625575
625742
625773
625985
626193
626428
626539
626550
626557
627445
627536
627587
628158
628202
628397
628874
628913
628967
629159
629560
629786
630615
631180
631232
631349
632700
633026
633272
633599
633794
633878
634259
634306
634635
635348
635671
635970
636244
636954
637528
637578
637800
637992
638131
638139
638417
639711
641015
642200
642207
642394
642684
642992
643005
643371
643474
643569
643590
643639
643696
643856
645690
645889
648143
648236
648795
649059
649392
649851
650049
650307
650330
650687
650875
651424
652256
652277
652374
652384
652996
653199
653256
653501
654033
654228
654479
654510
654772
655176
655628
656655
656833
657175
657669
657928
658012
664104
664111
