2406
2587
18422
18807
18989
19014
19058
19277
19281
19374
19588
19646
19746
19790
19907
19929
19984
19994
20103
20232
20376
20400
20520
20584
20642
20661
20737
20742
20772
20964
21143
21149
21168
21172
21182
21362
21718
21856
21872
21964
22056
22448
22525
22636
22858
22996
23155
23368
23657
24019
24141
24172
24628
24643
25195
25492
25510
25835
26111
26187
26268
26309
26523
26536
27090
27189
27210
27258
27277
27377
27384
27394
27441
27587
27629
27718
27734
28308
28498
28566
28570
28782
28798
28799
28997
29441
29570
30062
30446
30464
30492
30545
30752
30908
31412
31709
31730
31776
31833
31987
32090
32114
32217
32273
32295
32706
33295
33298
33374
33397
33853
33856
34063
34159
34237
34987
35378
35498
36103
36578
37036
37069
37096
37138
37147
37405
37486
37597
37847
38179
38924
39048
39347
39908
40286
40469
40598
40682
40895
41150
41242
41303
41318
41339
41360
41423
41465
42041
42474
42504
42534
42633
42848
43075
44032
46064
46322
46397
46608
47663
49026
49518
49565
49584
49598
49656
49666
49679
49687
49834
49859
49881
50110
50358
50360
50436
50509
50586
50720
50767
50776
50793
51199
52141
52534
52600
52663
52930
53536
53965
54127
54185
54191
54212
54313
54946
55070
55084
55588
55881
56076
56155
56904
56929
57149
57189
57193
57370
57391
57401
57426
57502
57781
58341
58346
58356
58368
58765
58891
59062
59068
59114
59246
59368
59506
59782
59800
59833
60002
60239
60540
60639
61103
61154
61175
61190
62205
62366
62829
62973
63046
63191
63228
63385
63395
63536
63545
63612
63666
64216
64505
64539
64917
64950
65858
66401
66855
66946
66948
67141
67196
67426
67697
67719
67840
68175
68777
68799
68840
69384
69486
69703
70167
70242
70556
70614
71126
71165
71264
71525
71743
72032
72173
72266
72347
72373
72446
72501
72596
72869
72872
72953
73193
73470
74013
74035
74090
74440
75055
75181
75199
75223
75301
75517
75904
76111
76353
76415
76418
76551
76572
76665
76896
76968
77029
77397
77571
77814
77883
78173
78223
78644
79107
79129
79321
79387
79389
79621
79687
79744
79753
79782
79855
79893
79909
79932
80013
80213
80221
80263
80312
80653
80759
80820
80845
80964
81041
81122
81145
81156
81181
81257
81264
81298
81443
81492
81537
81549
81585
81963
82022
82798
82954
82974
83045
83209
83241
83262
83349
83684
83687
84159
84392
84443
84518
84625
84632
84947
85611
86153
86337
86389
86400
86416
86606
86660
86774
87149
87326
87337
87353
87523
87619
88192
88221
88345
88441
88587
88760
88907
89588
89732
89739
89840
89896
89925
90733
90785
90868
90878
90975
91000
91201
91325
91335
91515
91592
91959
92275
92350
92440
92514
93521
93536
93541
94320
94379
94394
94538
94546
94649
95033
95036
95862
96088
96116
96124
96205
96295
96538
96674
96799
96804
96827
97292
97444
97564
97828
97927
97934
98112
98199
98231
98262
98304
98411
99505
99689
99908
100309
100715
100723
100865
101068
101644
101773
101871
101960
102162
102172
102484
102615
102617
102763
102841
102955
102979
103006
103171
103509
104069
104854
105048
105114
105121
105227
105247
105623
105784
105853
105877
105898
105955
105958
107438
107513
107966
107994
108056
108281
108371
109279
109331
109370
109555
110209
110696
111192
111373
111795
111819
111840
112137
112308
112560
112929
113458
113472
113547
113548
113554
113730
113961
114010
114136
114147
114170
114468
114797
115526
115553
115628
115987
116157
116761
116963
117306
117860
118055
118543
118665
118699
119010
119967
120681
120812
121354
121586
121610
121811
122341
122512
122546
122569
122596
122629
122656
122724
123344
123372
123418
123436
124321
124666
124765
125066
125172
125573
125665
126283
126408
126667
127476
129783
130537
130729
130742
131276
131453
131684
131840
131875
131909
132192
132488
132541
133023
133068
133432
134099
134228
134327
134550
134733
134782
134822
134836
135397
135705
135769
136035
136129
136414
136516
136521
137238
137290
137294
137547
137704
137705
137806
137820
137927
138088
138410
139293
139499
139926
140427
140600
140808
140862
141791
141806
142000
142603
142657
142744
142756
142768
142826
142849
143179
143253
143335
143740
143752
143764
144237
144468
144733
144812
145096
145132
145710
146159
146216
146330
146398
146432
146582
146675
146729
147778
148555
148598
148667
149839
150634
150745
150838
151093
151239
151696
151765
151864
152617
152758
153028
153229
153283
153397
153415
153691
153712
153772
153845
154048
154129
154972
155089
155593
155836
155983
156155
156317
156443
156470
156477
156500
157205
157220
157232
157554
157843
157844
157927
158169
158415
158418
158559
158749
158768
158959
158965
159017
159315
159343
159513
159567
159602
159930
159954
160360
160362
160374
160428
160479
160644
160777
161136
161220
161524
162357
162396
162728
162745
163324
163439
163447
163455
163644
164096
164115
164298
164984
165509
165551
166022
166025
166418
166895
167025
167048
167266
167334
167438
167695
167709
167826
168058
169230
169931
170008
170532
170917
170953
171661
172151
172218
172830
173056
173074
173236
174185
174638
174831
174887
174905
174995
174996
174998
175163
175406
175763
175847
175853
175910
175931
175946
176012
176051
176132
176206
176588
176673
176758
177303
178219
178221
178306
178389
178580
179694
179818
179827
179903
180644
180689
180800
181678
181807
181859
182065
182104
182859
182862
183023
183468
183645
183720
183901
184717
184727
184738
184819
184859
184860
184893
184898
185041
185105
185143
185244
185260
185404
185428
185567
185643
185683
185746
185762
186058
186103
186370
186485
187954
188217
188734
189502
189732
190820
191004
192225
192449
193161
193231
194241
195231
195474
196150
196186
196482
196851
197286
197364
198656
198659
198685
198878
199316
199455
199937
200025
200151
200193
200331
200337
201329
201495
201691
202117
202127
202229
202572
202811
202877
202886
202894
202959
202965
203022
203056
203089
203221
203252
203389
203446
203465
203647
203839
203866
203904
203907
204376
204760
205237
205528
205718
205825
206254
207022
207223
207466
208612
208660
208867
210454
210594
210929
211121
211127
211169
211312
211432
211460
211831
211876
211882
211933
211978
212036
212179
212222
212251
212267
212438
212460
212479
212555
212573
212616
212682
214052
214494
214676
214911
215091
216258
216399
216409
217109
217342
217435
217447
217557
217651
217745
217905
218010
218346
218548
218815
219079
219142
220878
221091
221175
222017
222020
223134
223242
224109
224325
224747
225140
225248
226121
226209
227306
228076
228806
229191
229538
229811
230153
230296
230389
231012
231525
231629
231827
232216
232341
232597
233237
233528
233740
234211
234711
234831
234880
234944
235981
235983
236009
236039
236400
236928
237273
237726
237911
238635
239002
239328
239484
239884
240165
240193
240326
240336
240792
241613
241671
241923
242081
242090
242094
242141
242772
242932
243244
243568
244921
245081
245353
245765
245905
247067
247208
247340
247465
247620
247752
247813
247820
247985
248008
248017
248311
248350
248358
248438
248537
248700
248960
249489
249519
249531
249579
249627
249666
249679
249729
250287
250623
250761
251082
251141
251534
251598
251856
251943
252202
252732
253696
253743
253902
253904
254055
254151
254319
254451
254508
254747
255187
255581
255722
255882
256122
256179
256518
256530
256568
256652
256744
257078
257530
257584
257626
257701
257974
258238
258265
258677
258728
258755
258793
258800
258995
259088
259198
259388
259808
259881
259996
260036
260057
260384
261152
261182
261197
261367
261458
261620
261758
261944
262158
262254
262384
262808
263012
263030
263811
264106
264299
264791
265338
265424
265426
265742
265749
265908
265938
265986
266017
266029
266113
266407
266488
266544
266671
266733
266739
266797
266878
266920
267359
267406
267874
268279
268603
268701
268714
268735
269098
269283
269544
269891
270117
270390
271080
271176
271431
271629
271671
272025
272060
272298
272385
273003
273139
273171
273339
273764
273857
273899
274854
275012
275070
275118
275140
275448
275562
275595
275637
275721
275865
275877
275949
276066
276194
276318
276375
276549
276561
276600
276615
276677
276688
276750
276759
276806
276820
276822
276934
276937
277171
277276
277297
277585
278341
280598
280697
280898
281351
281522
281569
281647
281837
281853
281967
282023
282068
283030
283137
284001
284003
284380
284557
284914
285051
285187
285236
285631
285900
286222
286354
286360
287439
287535
287589
287699
288549
288588
288597
288753
289233
289475
289615
290284
290322
291582
291697
291738
291748
291765
291783
291846
292005
292139
292210
292219
292277
292317
292351
292352
292455
294517
294643
294697
295520
295525
295526
295601
296244
296284
296339
297889
297971
297975
298213
298400
298416
298654
298870
299200
299608
299764
299864
300160
300487
300921
301375
301751
301888
302084
302429
302449
302961
303088
303098
303104
303140
303260
303504
303806
304871
305142
305213
305364
305554
305599
305992
306463
306893
307572
307596
307654
307671
307920
307957
307974
308058
308248
308255
308257
308500
308617
308638
308658
308690
308700
308786
309560
309895
310224
310363
310384
310485
310519
310900
310948
311029
311077
311119
311161
311194
311470
311785
311986
312042
312186
313308
313436
313461
313574
313644
313728
314269
314561
315627
315813
316176
316389
316640
317220
317265
318567
318573
318618
318786
319275
319317
319482
319917
320004
320452
320953
320975
320980
321001
321379
321404
321729
321734
321758
321807
321844
321898
321912
321923
321941
322183
322379
322387
322389
322420
322657
323612
323630
323674
323762
323798
324403
324845
324965
326208
327428
327548
327597
327753
328031
329133
330160
330214
330517
330614
330832
331091
331464
331815
332036
332115
332557
332733
332769
332817
333747
333754
333802
333847
334061
334166
334214
334449
334709
334829
334954
335341
335524
335956
336275
336327
337570
337779
337920
338279
338505
338543
338572
338644
338752
339268
339577
339880
340395
340817
340956
340962
341008
341036
341261
341381
341401
341421
341565
341596
341786
342759
342797
342883
343097
343499
344216
344267
344308
344480
344659
344717
344945
345627
345638
345639
346846
346903
346980
346984
347033
347076
347545
348489
348697
348931
349130
349165
349576
349591
350080
350346
350388
350480
350505
350644
350693
351102
351139
351451
351676
352180
352550
352756
352765
353125
353134
353761
353794
353800
354016
354052
354127
354130
354238
354940
355572
355621
355968
356822
356898
356968
357201
357370
357622
357625
358035
358099
358171
358348
358380
358399
358411
358448
358561
358672
358791
358932
358945
358984
359427
359479
359485
359529
359556
359557
359718
359743
359793
360220
360404
360631
361157
361166
361319
361672
361711
361775
361942
362071
362927
362945
363098
363742
363743
363860
364251
364951
365060
365106
365716
365740
365788
365812
365975
366072
366629
366862
366913
367042
367147
367169
367213
367312
367539
367618
368092
368708
369247
369582
371383
371437
371461
371623
371665
371692
372075
372289
372295
372445
372671
372729
372757
373033
373357
373390
373399
373453
373922
374240
374282
374633
374794
375335
375458
375459
376289
376391
376487
377182
377351
378517
379094
379354
379825
379874
380580
380824
381268
381346
381444
381450
381458
381701
381750
381822
382153
382229
382396
382422
382504
382829
383038
383274
383302
383320
385114
385243
385363
385396
385506
385531
385579
385790
385792
386025
386141
386149
386380
386438
386441
386445
386446
386462
386469
386523
386613
386702
386719
386762
386776
386891
386911
387149
387157
387346
387387
387772
387828
388049
388426
388449
388587
388785
388815
388954
389264
390097
390111
390366
390669
390684
390702
391314
391561
392020
392287
392385
392799
392959
393270
393344
393445
393574
393619
394039
394339
394360
394381
394553
394585
395248
395530
396458
396700
397012
397272
397336
397411
397512
397695
397749
397864
397902
398236
398297
398408
398518
398655
398734
398799
398862
398875
398907
399007
399434
399570
400290
402193
402402
403331
403449
403476
404941
404945
404996
405362
405482
405797
405938
406064
406151
406667
407050
407415
408065
408095
408202
408221
408254
408374
408757
409324
409788
409894
410282
410326
410333
410348
410352
410358
410363
410364
410375
410477
410485
410499
410549
411048
411189
411448
412388
412574
413236
413241
413252
413375
413674
413881
413995
414183
414243
414381
414564
415353
415408
415413
415728
415755
415969
416043
416109
416511
417206
417343
417459
417819
418067
418803
418860
419073
419490
419688
419703
419886
419911
420270
420417
420793
420935
421586
421598
421602
421790
421990
422005
422276
422278
422454
422515
422530
422574
422580
422647
422799
423266
423268
423515
423818
423839
423869
423912
424131
424325
425213
425304
425718
425932
426094
426131
426239
426317
426332
426545
426788
427322
427801
427852
428383
428725
428786
428899
428900
428925
428929
428969
428983
429969
430665
430899
430932
430933
431267
431930
433063
433121
433233
433338
433744
435510
435952
436742
437738
437759
437894
438009
438319
438682
439063
440205
440556
440689
440913
440916
441206
441650
441721
442320
442344
443281
443491
443658
444372
444524
444540
445021
445998
447337
447589
449449
449844
450131
450779
450949
451075
451799
452826
453092
453903
454024
454715
455729
456033
456103
456208
456230
456237
456343
456600
457343
457431
457815
457907
458045
458419
458785
459265
459793
459811
459924
460188
461088
461149
461156
462063
462243
462632
462638
462986
463089
463889
465343
465736
467004
468168
468195
468858
469065
469200
470607
470651
470733
471113
471362
471696
471701
473411
473555
474073
474198
474233
474241
474897
475384
475405
475407
475475
475500
475724
475878
476011
476489
477238
477367
477394
477479
477585
477804
478105
478315
478317
478517
478582
478942
479796
480135
480222
480231
480345
480436
480465
480818
480860
480887
480895
480975
481399
481400
481806
481950
482050
482148
482580
482672
482988
482997
483162
483225
483565
483566
483717
483738
483837
484051
484184
484429
484658
484952
484955
484964
484994
485105
485332
485379
485434
485776
486540
486803
487826
487844
488069
488180
488377
488489
488586
488795
488796
488906
489075
489176
489254
489259
489675
489816
490530
491020
491450
491656
491687
491809
492469
493273
493522
494200
494625
494633
494669
494797
495303
495492
495870
496104
496113
496589
497105
497154
497525
498016
498888
498927
498984
499014
499185
499571
499860
500601
500847
501514
501556
502563
502758
503223
503355
503400
503551
503626
503688
503759
503885
504046
504071
504159
504183
504609
504869
505104
505347
505369
505399
505466
505477
505555
506286
506483
506606
507055
507747
507961
508191
508803
508908
509064
509667
509695
510253
510505
510697
510811
511343
511432
511663
512511
512607
513082
520937
521769
522145
522237
522274
522331
522457
523167
523191
523542
523742
524053
524090
524141
524216
524237
524556
524725
524878
525820
538613
538864
538878
538891
538892
539028
539061
539068
539123
539259
539295
539524
539667
539680
539706
539767
540063
540470
540965
541099
541248
541274
541415
541470
542283
542989
543278
543502
543900
544588
545171
545219
545265
545330
545333
545379
545400
545483
545668
545669
546113
546251
546361
546408
546573
547565
547646
547728
547747
547789
547794
547848
547904
547907
547975
548255
548346
548511
548658
549184
549275
549376
549536
549744
550699
550727
551018
551155
551284
551626
551743
551775
551813
551991
552102
552557
552645
552735
552762
552763
552943
553004
553031
553204
553497
553575
553681
553817
553868
553883
553976
554114
554456
554904
555362
555524
555783
556248
556617
556996
557109
557113
557710
557923
558180
559020
559159
559582
559708
559897
560175
560433
561239
561304
561671
561926
562716
564225
564228
564428
564823
564875
564879
564904
564993
565266
565398
565786
565806
565819
565887
565899
566010
566055
566463
566869
567037
567129
567240
567259
567267
567321
567474
567804
567972
568833
569997
570211
570522
570563
570788
570860
571144
571221
571602
572185
572766
572800
572934
573672
573702
573767
573787
573826
573950
574092
574970
575552
575591
575833
575834
575887
575960
576373
576434
576635
576707
576713
576722
576824
576917
577940
578033
578805
578941
579531
579575
579608
579720
579791
579835
579859
580561
580767
580889
580902
580961
580995
581371
581388
581400
581467
581581
581696
582053
582106
582642
582866
583237
583564
583769
584237
584551
584903
585257
585872
586061
586079
586241
586361
586731
587150
587237
587378
587593
587899
588039
588058
588386
588480
588496
588670
588682
588710
588789
589025
589061
589421
589449
589456
589460
589498
589510
589613
589920
590018
590019
590058
590081
590204
590403
590540
590576
590603
590639
590658
590664
590979
591069
591909
592149
592160
592185
592269
592731
592897
593125
593192
593358
593409
593410
593630
593762
593852
593903
594150
594471
594621
595521
595579
595713
595824
596262
596681
596866
596960
596987
597218
598266
598427
598491
598569
598956
599181
599229
599328
599388
599409
599598
599648
600257
600492
601187
601197
601210
601524
601683
602350
602488
602561
602690
602760
603371
603643
604156
604186
604223
604645
605066
605519
605672
605693
606602
607013
607658
607745
607853
608473
609890
610094
610122
610170
610352
610391
610418
610515
610801
611004
611172
611442
611460
611634
611863
612085
612305
612323
612357
613152
613603
613945
614045
614066
614205
614229
614235
614241
614348
614594
614729
614789
615060
615092
615247
615319
615431
615649
615798
616141
616510
617714
618001
618038
618626
618656
618809
619063
620622
620650
620655
620686
621064
621144
621183
621296
621350
621513
621946
621990
622162
622585
622651
622798
622891
623053
623085
623197
623668
624031
624454
624478
624499
624648
624708
624847
624920
625474
625533
627578
627839
627887
628877
628932
629102
629110
629135
629226
629515
629523
629550
629613
629614
629639
629643
629651
629663
629850
629998
630003
630050
630064
630103
630125
630831
631004
631207
631212
631296
631794
632064
632397
632835
632899
633191
633250
634191
634275
634866
634899
634968
635025
635043
635124
636051
636665
637002
637177
637285
637305
637452
637466
638043
638098
638176
638458
639124
639205
640078
640367
640388
640955
640973
640997
641111
641184
641720
641771
641822
642149
642326
642692
643436
643602
643715
643760
643844
643897
644376
644514
644532
644616
644966
652022
652069
652106
652118
652186
652203
652260
652321
652907
653010
653019
653063
653202
653906
654167
654502
654523
654729
654823
654972
655090
655473
656379
656388
656583
656607
656613
656666
656691
656736
657111
657390
658052
658420
659042
659864
661542
661608
662073
662584
662769
662929
663138
663240
663783
663945
664109
664438
664737
664947
665997
666003
666771
667014
667439
668861
669005
669415
669601
670604
670740
671087
671238
671547
671559
671764
671979
671998
672097
672136
672153
672429
673272
673524
673544
673647
673716
673838
673875
673951
673965
673982
674365
674459
674668
674711
674716
674820
674927
675008
675565
675598
675614
675781
675796
675833
675866
676166
676252
676621
676743
676860
677624
677646
677713
677729
677835
678001
678076
678460
679210
679950
679951
680023
680614
681321
681417
681734
681745
681895
681935
681992
682073
682093
682094
682165
682188
682420
682960
683240
683610
683639
683812
683860
684083
685085
685290
685461
685512
685530
685788
685839
685915
686136
686137
686232
686560
686709
687006
687236
687841
687859
687932
688093
688448
688513
688643
688697
688719
688788
688805
688819
689207
689446
689542
689657
689810
690110
690689
690765
690915
690964
690968
691222
691234
691366
692002
692140
692170
692212
692655
692787
692884
693429
693728
693821
693982
694148
694241
694266
694373
694395
694503
694789
695167
695272
695611
695635
695860
695878
696116
696130
696145
696283
696486
696499
696965
697096
697201
697693
697705
697894
698026
698151
698171
698172
698232
698243
698270
698272
698347
698534
698575
698788
699204
699549
700023
700151
700170
700186
700569
700573
700614
700752
700773
700908
701178
701238
701637
701710
701775
702278
702552
702738
702757
702781
702879
702934
703045
703059
703137
703208
703464
703572
703854
704345
705548
706217
706922
707021
707207
707555
707711
708376
709044
709492
709611
709671
709686
709770
709884
709953
710277
710496
710790
710850
711204
711288
711597
711709
711916
712041
712074
712474
712818
713011
713109
713415
713439
713451
713505
713616
713625
714270
714705
714801
714934
715058
715349
716075
716609
716612
716786
717012
717241
717252
717624
718220
718287
718424
718506
718540
718612
718666
719032
719391
719593
719669
719671
719728
719860
719896
720061
720086
720321
720439
720440
720696
720857
721991
722265
722270
722687
723150
723345
723349
723451
723573
723895
724585
724602
724738
725487
725692
726379
726492
726520
726678
726870
726901
727120
727624
727764
727788
727807
727809
727893
727987
728057
729120
729956
730059
730199
730279
730652
730734
731588
731714
731816
731870
731928
732347
732401
732775
732996
733018
733784
734357
734549
735567
736335
736395
736692
737469
737795
738079
739050
739488
740017
740207
740221
741415
741463
741683
741803
742431
742824
743256
743368
743651
744117
744170
744215
744435
744524
745712
745856
745922
746034
746218
746381
746639
746669
747053
747056
747487
747585
747737
748324
748386
748610
749051
749378
750110
750125
750464
751203
751326
751490
751571
751891
752041
752651
752863
752908
752995
753314
753375
753936
755801
756152
756842
756915
757081
760152
760201
760206
760259
760583
760775
761151
761459
761692
761839
762170
762450
763658
764240
764266
764292
764433
764556
764643
764712
765017
765216
765553
765617
766110
766621
766802
766916
766973
767334
767342
767552
767675
767789
768073
768208
768306
769038
769171
769373
769848
769883
770153
770731
770770
770854
771858
772626
773193
773532
773563
773706
773804
773985
774109
774345
774390
774504
774582
776219
776336
776360
776432
776603
776640
777438
777449
777671
779618
781344
781475
782464
783163
783285
783406
783897
784060
784809
785140
785446
785478
785924
785939
786028
786193
786207
786378
786837
787092
787173
787254
787523
787601
787605
787649
787723
788247
788330
788526
790177
790276
790323
790931
790957
791128
791148
791272
791821
792334
794075
794507
795302
795341
795372
795421
795466
795469
795541
795559
795591
795802
795803
796093
796104
796127
796175
796541
796994
797091
802328
802620
802666
802694
802711
805636
805658
805687
805830
806078
806135
806233
806251
806752
806884
806992
807091
807420
807628
807918
808086
808094
808161
808234
808258
808464
808542
808803
809988
811177
811480
812212
812667
813253
813874
814586
814815
816386
816398
816808
816967
817216
817919
818507
818692
818791
818813
819242
819378
819380
819389
819541
819556
819584
819678
819910
819993
820170
820213
820254
820335
820345
820419
820502
820638
820777
820879
820921
821234
821264
821309
821327
821485
821498
821555
822933
823240
823316
823627
823665
824078
824244
826027
826114
826141
826184
826194
826327
826402
826825
826861
826983
827102
827222
827425
827443
827769
828045
828290
828355
828416
828607
828630
828705
828858
828919
829387
829692
829827
829848
830066
830234
830276
830278
831259
831279
832547
832718
832857
832970
833254
833455
833729
833732
833834
834212
834242
834537
834720
835164
835444
836051
836356
836588
836708
837572
837638
837654
838644
838649
838650
839372
839558
839657
841000
841276
842057
842335
842336
842343
842538
842576
842636
842711
842876
842903
842916
842982
842999
843002
843009
843483
843633
843777
843818
843831
843832
843835
843869
843908
844040
844050
844074
844304
845227
845628
845777
845875
846867
847566
847587
847735
848397
850922
851220
851311
851341
851363
851413
851587
851602
851816
851855
851875
851927
852128
852463
852474
852504
852630
852656
852749
852904
853043
853082
853091
853136
853163
853220
853223
853271
853295
853406
853430
853432
853550
853688
853759
854044
854205
854360
854519
854684
854759
854862
854921
854953
855461
855587
855763
856001
856415
856646
856772
857198
857450
857591
857621
858176
859506
859880
860620
860671
860689
860701
860779
860927
861727
862622
862992
864279
864459
864668
865324
865639
866008
866368
866742
867546
867754
868136
868704
869149
869151
869159
869369
869992
871412
871614
878181
884980
885020
885320
885455
886047
886178
886202
887023
887150
887179
887417
887591
888050
888086
888452
888770
889650
890044
890195
890417
890458
891174
891184
891242
891541
891685
891889
892057
892632
892736
892801
892825
892859
892982
893123
893137
893888
894075
894696
895202
895289
895418
895472
895550
895556
895712
895887
895888
895889
895890
896117
896285
896324
896456
896532
896725
897316
897605
897884
897893
897959
898376
898379
898531
898625
899035
899072
899165
899764
900339
901342
901721
902673
902682
902710
903067
903406
903866
904214
904531
904648
904826
904915
905304
905609
905619
906124
906261
906310
906313
907003
907500
908202
908284
908962
909656
910427
910761
910921
911813
911981
912021
912072
912148
912189
912233
912509
912608
912835
912838
913027
913332
913494
913613
913903
913904
913905
913906
913924
913936
913963
914096
914121
914545
914870
915347
915411
915625
916020
916142
917034
917149
917310
917311
917540
917683
917909
918196
918400
918408
918524
918674
918776
919006
919133
919261
919268
919279
919416
919709
919827
919860
920241
920955
921068
921076
921181
921281
921442
921620
921681
921796
922016
922571
923093
923423
923784
923832
924009
924110
924299
924311
924342
924961
926065
926263
926719
926737
926760
926842
926918
927158
927283
928279
928480
928640
928774
929241
929293
929368
930077
930421
931142
931180
932298
932535
932859
933005
933019
933319
934468
934657
934835
935011
935163
935317
935335
935504
935830
935931
935959
935988
936158
936189
936279
936728
936739
936980
937717
937752
937973
938072
938225
939227
939572
940217
940499
940688
941441
941901
941913
942017
942264
942657
942690
942718
942743
942876
942881
942914
943063
943103
943132
943208
943482
943586
943622
943703
943783
944044
944213
944344
944539
944820
945517
945813
945920
946721
946727
946728
946858
946897
947024
947175
947223
947270
947379
948037
948297
948349
948656
948979
949450
949502
949825
949910
949961
950078
950111
950119
950700
950759
950760
950769
950851
950947
951351
952018
952026
952063
952270
952427
952479
952667
952679
953162
953270
953474
953912
954022
954024
954302
955140
955230
955293
955335
955484
956094
956096
956552
956740
956810
957002
957131
957311
957317
957502
957673
957722
958426
958435
958608
958717
958999
959103
959248
959563
959773
959874
959997
960100
960464
960570
960787
961505
962119
962263
962389
962437
962533
962923
962973
963004
963291
963556
963747
964418
964812
964856
964873
964874
965394
965404
966299
966300
966303
966390
966653
966713
967042
967786
969246
969384
971153
971441
972369
972414
972429
972660
973137
973196
975623
976318
976876
977275
977456
977487
977508
977509
977666
977945
978274
978893
979614
979706
980295
980605
981110
993106
993190
993362
993391
993416
993571
993775
994135
994341
994347
995831
996022
996431
996542
996692
996740
997121
998702
998899
999214
999431
999505
999628
1000343
1001608
1001667
1001692
1001837
1001907
1001916
1001983
1002060
1002178
1003188
1003272
1003380
1003479
1003597
1003797
1003798
1003809
1003851
1003934
1003950
1004069
1004126
1004753
1004969
1005257
1005453
1006213
1006240
1006304
1006340
1006397
1006502
1006673
1006679
1006922
1006961
1007086
1007180
1007192
1008685
1008697
1009126
1009135
1009143
1009163
1009315
1009558
1009606
1009654
1009761
1010349
1010563
1010589
1010594
1010799
1010823
1010838
1011319
1011332
1011430
1011655
1011753
1012387
1012624
1012671
1012819
1012978
1013112
1013259
1013417
1013503
1013721
1014066
1014863
1014944
1015229
1015301
1015515
1015598
1015740
1016102
1016376
1016592
1017015
1017175
1017301
1017548
1017642
1017702
1017743
1017792
1017846
1017873
1017895
1017902
1017915
1017936
1017981
1018111
1018133
1018177
1018193
1018236
1018321
1018395
1018516
1018535
1018564
1018571
1018602
1018608
1018669
1018675
1018697
1018736
1018751
1018753
1018764
1018775
1018804
1018835
1018905
1019195
1019208
1019509
1019535
1019664
1019794
1019958
1020193
1020213
1020356
1020939
1021040
1023685
1023703
1024243
1024279
1024629
1024632
1030368
1031009
1031832
1031929
1032141
1032245
1032399
1033091
1033167
1033176
1033380
1033467
1033804
1033951
1034116
1034257
1034345
1034355
1034509
1034632
1034696
1034819
1034889
1035551
1035620
1035811
1035838
1035840
1036126
1036199
1036426
1036645
1036721
1036768
1036780
1036886
1037202
1037338
1037542
1038433
1038975
1039125
1039173
1040471
1040627
1040684
1040862
1041206
1041437
1041539
1042103
1042736
1042968
1043001
1043105
1044004
1044178
1044506
1044873
1045644
1046207
1046447
1046552
1047260
1047315
1047443
1048121
1048263
1048403
1048688
1049123
1049210
1049309
1050120
1050175
1050442
1050451
1050470
1050770
1051230
1051340
1051341
1051356
1051761
1052055
1052088
1052196
1052562
1052574
1052845
1052869
1052914
1053051
1053166
1053228
1053400
1053489
1053493
1053592
1053698
1053892
1054109
1054225
1054326
1054524
1054654
1054717
1055203
1055277
1055562
1055646
1055660
1055678
1055697
1055799
1055999
1056000
1056069
1056232
1056242
1056271
1056272
1056276
1056383
1056392
1056586
1056633
1056739
1057249
1057267
1057573
1057601
1057818
1058083
1058554
1059094
1059127
1059154
1059179
1059192
1059303
1059471
1059662
1060151
1060178
1060416
1060678
1060691
1060748
1061165
1061318
1061346
1061357
1061386
1061436
1061501
1061961
1062818
1062969
1062981
1063031
1063052
1063171
1063267
1063756
1063831
1063848
1063981
1064446
1064800
1064864
1065022
1065037
1065162
1065508
1066006
1066368
1066648
1066786
1066924
1066939
1067011
1067053
1067499
1067876
1068363
1068544
1068585
1068819
1070130
1070310
1070601
1072450
1072815
1073181
1073479
1073936
1074070
1074164
1074407
1075000
1075204
1075326
1075571
1075642
1075670
1075710
1075739
1075858
1075859
1076775
1077529
1077787
1077994
1078009
1078309
1078452
1078606
1079059
1079210
1079222
1079258
1079273
1079450
1079465
1079566
1079585
1079976
1079984
1080788
1080869
1081015
1081335
1081731
1081999
1082222
1082583
1082631
1082736
1082747
1082751
1082766
1083381
1083642
1083649
1083804
1083881
1084062
1084110
1084839
1084860
1085027
1085054
1085196
1085247
1085268
1085550
1085592
1085721
1086492
1086566
1086670
1086747
1086753
1086771
1086807
1087085
1087203
1087218
1087263
1087264
1087267
1087307
1087412
1087812
1088060
1088102
1088411
1088723
1088864
1088898
1088958
1089437
1089661
1089747
1089861
1090082
1090283
1090306
1090358
1090405
1090407
1090410
1090640
1090692
1090998
1091162
1091591
1091826
1092239
1092281
1092358
1092468
1092516
1092561
1092723
1092764
1092871
1093030
1093051
1093075
1093234
1093538
1093593
1093746
1094698
1095082
1095303
1095364
1095365
1102024
1102052
1102082
1102243
1102348
1102351
1102483
1102628
1102776
1102879
1103339
1103563
1103592
1104497
1104572
1104611
1105534
1105561
1105872
1106292
1107089
1107191
1107262
1107910
1107957
1108150
1108456
1109331
1109346
1109436
1109826
1109835
1110009
1110062
1110082
1110143
1110170
1110182
1110215
1110277
1110302
1110440
1110458
1110530
1110571
1110624
1111885
1111953
1112793
1113284
1113566
1113875
1113939
1113990
1114164
1114189
1114859
1115651
1115900
1116164
1116305
1116482
1116737
1116901
1116905
1116909
1117013
1117090
1117115
1117521
1117839
1117890
1118130
1118280
1118556
1118901
1119983
1120016
1120669
1120855
1121245
1122006
1122325
1122542
1122596
1122844
1123640
1123824
1123907
1123975
1123978
1124284
1124329
1124620
1125125
1125228
1125429
1125758
1125821
1126206
1126365
1126654
1126730
1126806
1126843
1127097
1127248
1127756
1127792
1127836
1128135
1128699
1128738
1128918
1128924
1128927
1129373
1129434
1129539
1129543
1129550
1129573
1130157
1130451
1130515
1131564
1131956
1132014
1132218
1132357
1133593
1133710
1134655
1135499
1135592
1135612
1136153
1136465
1136891
1136906
1137245
1137597
1137794
1137881
1138205
1138235
1139804
1139987
1140050
1140266
1140344
1140524
1140780
1141061
1141081
1141422
1141725
1142883
1142958
1143051
1143495
1143696
1143750
1143783
1143822
1143838
1143858
1143943
1144083
1144305
1144891
1145144
1145437
1146161
1146636
1147043
1147682
1147978
1149251
1152109
1152705
1152895
1153177
1153930
1154160
1156081
1156234
1156298
1156299
1156699
1156790
1156803
1157004
1157145
1158117
1158571
1158820
1158904
1159247
1159249
1161630
1161744
1162125
1162133
1162210
1162563
1162575
1162597
1162608
1162694
1162808
1162942
1163287
1163502
1163557
1163659
1163767
1163794
1163806
1164350
1164361
1164373
1164448
1164529
1164697
1164730
1165180
1165302
1165565
1165878
1165886
1165937
1165956
1165957
1166094
1166128
1166130
1166150
1166174
1166214
1166306
1166557
1166562
1166581
1166751
1166791
1167032
1167188
1167283
1167361
1167549
1168078
1168188
1168261
1168450
1168767
1168770
1168940
1169049
1169428
1169521
1170014
1170239
1170278
1170281
1170383
1170425
1170617
1170728
1171018
1172141
1172228
1172277
1172313
1172800
1172802
1172894
1173007
1173074
1173569
1173622
1173661
1173670
1173678
1173839
1173894
1173897
1174038
1174054
1174213
1174270
1175794
1175826
1175944
1176034
1176041
1176102
1176149
1176222
1176282
1176285
1176432
1176468
1176920
1177437
1177650
1177720
1177776
1178023
1178080
1178089
1178116
1178145
1178218
1178230
1178242
1178243
1178253
1178260
1178302
1178525
1178539
1178648
1178899
1178902
1178923
1178966
1178968
1178998
1179125
1179154
1179193
1179245
1179478
1179642
1179751
1179778
1179847
1179958
1180093
1180237
1180738
1181057
1181300
1181332
1181528
1181721
1181771
1182061
1182082
1182157
1182328
1182359
1182394
1182406
1182631
1182755
1183017
1184630
1184730
1185460
1186031
1186370
1187337
1187635
1187649
1187672
1188542
1188548
1189955
1190444
1190556
1191791
1193527
1193575
1193697
1194344
1194600
1194645
1194899
1194976
1195067
1195306
1195400
1195418
1195577
1195634
1195687
1195958
1196227
1196309
1196311
1196441
1196444
1196516
1196539
1196547
1196603
1196675
1196892
1196931
1197117
1197129
1197291
1197543
1197900
1197984
1197999
1198344
1198969
1199369
1199413
1200144
1200253
1201736
1202038
1202136
1202248
1202493
1202624
1202693
1202720
1202749
1202832
1203473
1203503
1203594
1203967
1204166
1204399
1204426
1204833
1205010
1205973
1206115
1206153
1206428
1213399
1214002
1214386
1215127
1215850
1215851
1216327
1217229
1217923
1218265
1218463
1218612
1218666
1219148
1219165
1219622
1219718
1219835
1219836
1219901
1219965
1219991
1220176
1220405
1221343
1221387
1221481
1222257
1222277
1222392
1222422
1222550
1222653
1223418
1223807
1224167
1224332
1224464
1224630
1224711
1224843
1224871
1225088
1225181
1225892
1226468
1226785
1227339
1227802
1228853
1229236
1229312
1229313
1229430
1229445
1229833
1229881
1229935
1230065
1230106
1230143
1230367
1230579
1230613
1230760
1231442
1231546
1231669
1231763
1232033
1232341
1232377
1232536
1232586
1232650
1232659
1232950
1233335
1233465
1233518
1233636
1234199
1234644
1234670
1235429
1235505
1236154
1236219
1236252
1236276
1236463
1236598
1236763
1237229
1237361
1237375
1237427
1237428
1237448
1237764
1237959
1238230
1238249
1238292
1238791
1238907
1239074
1239140
1239399
1239430
1240123
1240299
1240626
1240896
1240908
1240999
1241019
1241044
1241429
1241483
1241510
1241519
1242063
1242178
1242510
1242658
1242743
1242744
1242924
1246762
1247005
1247011
1247109
1248083
1248492
1248582
1248818
1248916
1248993
1249173
1250645
1250653
1251694
1251752
1251845
1252027
1252149
1252300
1252307
1252379
1252516
1252563
1252564
1252635
1252668
1252677
1253172
1253205
1253314
1253523
1253589
1253598
1253640
1253787
1253814
1253876
1253954
1253955
1253958
1254185
1254292
1254312
1254372
1254465
1254611
1254735
1254750
1254757
1254809
1254881
1254929
1254967
1255110
1255180
1255294
1255345
1255417
1255457
1255633
1255666
1255684
1255979
1256137
1256179
1256225
1256374
1256476
1256575
1256608
1256650
1256788
1256818
1257108
1257206
1257209
1257215
1257232
1257281
1257340
1257451
1257868
1257874
1257906
1257945
1258047
1258203
1258432
1258442
1258758
1258767
1258941
1259604
1260022
1260779
1260996
1261009
1261014
1261060
1261089
1261105
1261151
1262181
1262787
1263883
1264122
1264265
1264283
1264448
1264454
1264588
1264743
1264781
1265063
1265261
1265447
1265783
1265921
1266570
1266824
1267153
1267248
1267414
1267818
1267926
1268187
1268229
1268241
1268439
1269015
1269345
1269577
1269687
1269918
1270259
1270457
1271410
1271788
1271812
1271871
1271941
1272147
1272229
1272726
1272748
1272781
1273224
1273268
1273458
1273596
1273706
1273764
1273847
1273954
1274423
1274484
1274743
1275148
1275498
1275693
1276002
1276056
1276125
1276254
1276315
1276339
1276389
1276759
1276813
1276963
1277231
1277282
1277374
1277471
1277861
1278056
1278456
1278468
1278992
1279037
1279148
1279154
1279347
1279416
1280319
1280535
1281204
1281471
1281774
1281813
1281921
1281969
1282146
1282347
1283112
1285056
1286541
1286562
1286838
1286871
1288071
1288209
1288413
1288551
1288775
1288861
1289195
1289394
1289490
1290044
1290507
1290886
1291009
1291207
1291788
1292120
1292153
1292208
1292703
1292723
1293200
1293201
1293205
1293240
1293287
1293519
1294462
1294582
1295438
1296195
1296219
1296225
1296525
1296826
1297127
1297665
1297847
1297994
1298024
1298093
1298375
1298389
1298433
1299506
1299533
1301230
1301253
1301384
1302363
1302683
1302701
1302813
1302868
1302908
1302932
1303677
1304109
1304204
1304226
1304682
1304955
1305003
1305020
1305443
1305484
1305624
1305723
1305738
1306367
1307489
1307587
1308678
1308951
1309104
1309251
1309349
1309390
1309424
1309473
1309649
1309698
1309772
1310168
1311566
1311594
1311794
1312036
1312038
1312058
1312234
1312268
1312371
1312501
1312526
1312613
1312700
1312729
1313415
1313459
1313545
1313591
1313893
1314007
1314244
1314295
1314589
1314697
1314814
1314845
1315113
1315127
1315286
1315764
1315908
1315959
1316046
1316130
1316569
1316641
1316659
1316682
1316858
1317219
1317337
1317697
1317846
1317904
1317986
1318331
1318438
1318483
1318597
1318646
1318750
1318821
1318922
1318943
1319011
1319047
1319224
1319237
1319259
1319285
1319323
1319347
1319624
1319772
1320001
1320297
1321143
1321506
1322146
1322246
1323179
1323610
1323786
1324089
1324144
1324318
1324832
1325344
1325953
1326057
1326110
1326224
1326543
1326851
1326881
1327031
1327253
1327348
1328526
1328637
1329379
1330864
1331329
1331503
1331509
1331594
1331838
1332400
1332564
1332781
1333088
1333126
1333151
1333187
1333205
1333544
1333565
1333718
1334061
1334142
1334389
1334478
1334484
1334925
1334981
1335206
1335360
1335762
1335831
1336494
1336509
1336581
1337050
1337135
1337192
1337219
1337236
1337309
1337856
1337857
1337910
1337917
1338084
1338448
1338570
1339103
1339317
1340152
1340160
1340407
1340419
1340844
1341016
1341046
1341311
1341357
1341396
1341403
1341413
1341415
1341472
1341474
1341573
1342353
1342594
1342632
1342723
1342837
1342926
1343326
1343357
1343581
1343962
1344667
1344805
1344838
1345064
1345079
1345315
1345811
1345853
1346618
1346636
1346810
1347017
1347032
1347065
1347266
1347311
1347582
1347800
1347956
1348046
1348613
1348652
1348712
1348781
1348787
1349666
1349685
1349885
1350211
1350213
1350355
1350454
1350718
1350819
1351398
1351399
1351696
1353241
1353292
1353457
1353527
1353643
1353957
1354002
1355287
1355589
1355685
1357024
1357745
1357804
1358093
1358851
1359092
1359217
1359242
1359585
1359607
1360069
1360167
1361014
1361801
1362059
1362734
1362965
1363089
1363256
1363552
1364047
1364074
1364141
1364143
1364167
1364228
1364482
1364514
1365012
1365372
1365693
1365753
1365779
1365964
1365980
1366837
1366906
1367017
1367355
1367748
1368120
1368177
1368445
1370050
1371106
1371190
1371845
1371861
1372165
1372342
1373818
1377166
1379613
1379732
1380556
1380560
1381111
1381414
1381550
1381563
1381609
1381693
1381771
1381930
1381989
1382599
1383693
1383799
1383939
1383963
1384110
1384185
1384197
1384710
1384944
1385143
1385364
1385530
1385986
1386403
1386524
1386659
1387622
1387907
1387967
1387982
1388042
1388150
1388273
1388274
1388583
1388592
1388749
1389018
1389053
1389063
1389437
1389621
1389951
1390050
1390051
1390260
1390263
1390288
1390413
1390510
1390711
1390932
1390995
1391586
1391856
1391865
1392306
1392322
1392396
1392696
1392855
1393214
1393304
1393320
1393417
1393543
1393774
1394018
1394233
1394302
1394902
1395699
1395933
1396310
1397004
1397492
1397754
1397878
1398785
1398842
1399186
1399211
1399269
1399425
1399536
1399775
1399988
1399991
1400232
1400555
1400704
1400731
1400762
1400903
1401074
1401497
1401530
1401628
1401708
1401873
1401877
1401932
1401937
1402134
1402714
1402857
1402868
1403130
1403669
1404093
1404257
1404424
1404496
1405638
1405750
1405935
1406062
1406119
1406180
1406203
1406338
1406339
1406542
1406661
1406731
1406793
1406875
1407015
1407037
1407114
1407144
1407227
1407258
1407259
1407434
1407542
1407581
1407674
1407893
1407938
1408430
1408586
1409083
1409336
1409615
1409741
1409927
1410029
1410091
1410611
1410669
1411151
1411263
1411265
1411317
1411324
1411446
1411454
1411672
1411690
1411737
1411831
1411922
1412016
1412132
1412352
1412444
1412448
1414373
1414490
1414499
1414537
1414676
1414832
1414914
1414919
1415995
1416035
1416384
1416503
1416617
1416734
1416909
1416944
1417050
1417298
1417343
1417540
1417601
1417706
1418003
1418085
1418092
1418139
1418534
1418910
1418985
1419138
1419672
1419993
1420397
1420528
1420566
1420714
1420794
1420932
1421023
1421140
1421201
1421204
1421288
1421325
1421376
1421572
1421579
1421606
1421979
1422001
1422008
1422093
1422450
1422480
1422615
1422760
1422788
1422795
1422900
1422918
1422936
1422969
1423089
1423374
1423727
1424016
1424049
1424193
1424231
1424583
1424593
1424601
1424605
1424628
1424818
1424826
1425246
1425552
1425560
1425776
1425814
1425830
1426000
1426007
1426036
1426131
1426142
1426173
1426248
1426402
1426518
1426734
1426878
1426980
1427025
1427049
1427252
1427658
1427686
1427995
1428259
1428301
1428330
1428331
1428426
1428528
1428660
1428672
1428864
1429008
1429017
1429094
1429123
1429300
1429653
1429749
1429855
1430249
1430286
1430317
1430376
1430486
1430493
1430578
1430794
1430882
1430967
1430979
1430993
1431076
1431161
1431290
1431564
1431670
1431857
1431979
1432132
1432253
1432329
1432349
1432390
1432478
1432521
1432543
1432576
1432684
1432757
1432889
1432932
1433048
1433570
1433600
1433693
1433731
1434006
1434139
1434289
1434364
1434367
1434455
1434557
1434716
1434785
1434866
1434996
1435091
1435238
1435319
1435565
1435647
1435664
1435868
1436177
1436298
1436314
1436607
1436650
1436682
1436736
1436742
1436744
1436786
1436803
1436939
1436962
1437123
1437126
1437239
1437377
1437427
1437444
1437602
1438009
1438421
1438565
1438580
1438595
1438656
1438733
1438894
1438982
1438984
1439164
1439315
1439401
1439525
1439942
1439951
1439957
1439964
1439972
1440067
1440171
1440272
1440302
1440312
1440455
1440482
1440565
1440726
1440746
1440866
1441046
1441134
1441160
1441188
1441205
1441206
1441439
1441450
1441482
1441483
1441508
1441639
1441721
1441973
1442138
1442312
1442387
1442392
1442546
1442690
1442711
1442806
1443154
1443187
1443206
1443263
1443467
1443617
1443669
1443702
1443800
1443911
1444058
1444256
1444364
1444445
1444677
1444679
1444709
1444966
1445114
1445198
1445249
1445402
1445429
1445459
1445483
1445507
1445677
1445740
1445756
1445840
1445932
1446127
1446245
1446323
1446425
1446459
1446531
1446589
1446665
1446979
1446999
1447014
1447042
1447067
1447362
1447378
1447558
1447694
1447877
1447959
1447979
1448100
1448291
1448341
1448369
1448385
1448520
1448586
1448690
1449188
1449311
1449383
1449406
1449429
1449721
1449925
1450144
1451664
1451745
1452251
1452483
1452702
1452723
1453300
1453445
1453451
1453499
1453865
1454207
1454542
1454543
1454648
1455029
1455513
1455548
1455561
1455636
1455648
1455696
1455876
1455942
1456321
1456511
1456713
1458101
1458243
1458372
1458387
1458516
1458678
1458903
1459261
1459584
1460233
1460445
1460484
1460724
1460853
1460942
1461025
1461069
1461111
1461187
1461375
1461567
1461584
1461597
1461904
1461941
1462081
1462233
1462308
1462835
1462884
1463093
1463190
1463345
1463485
1464429
1465187
1465358
1465643
1465960
1466196
1466197
1466261
1466364
1466740
1467070
1467118
1467745
1468700
1468714
1468724
1468738
1468802
1468862
1469339
1469355
1469376
1469501
1469726
1469751
1469752
1469852
1469995
1470028
1470079
1470132
1470511
1470569
1470646
1471301
1471524
1471935
1472003
1472110
1472259
1472499
1472502
1472505
1472611
1472819
1473117
1473285
1473303
1473635
1473646
1473736
1473859
1473884
1473980
1474061
1474220
1474337
1474373
1474481
1474507
1474578
1474805
1474834
1475249
1475979
1476168
1476261
1476288
1476338
1476514
1476515
1477237
1477311
1477586
1477628
1477732
1477889
1477994
1478319
1478388
1478697
1479150
1479562
1479690
1479729
1479762
1479784
1480138
1480352
1480517
1480913
1480943
1480945
1480972
1481367
1481763
1482150
1483024
1483873
1483951
1484182
1485740
1485742
1485812
1487463
1487490
1487491
1487794
1488106
1488306
1489005
1489503
1489544
1489545
1489546
1489727
1489738
1489808
1490604
1490685
1490715
1490879
1491020
1491201
1491225
1491619
1491810
1491879
1492722
1493045
1493055
1493088
1493255
1493276
1493440
1493468
1493475
1493678
1493891
1493918
1493936
1494204
1494247
1494510
1494753
1494981
1495218
1495338
1495374
1495656
1495680
1496054
1496077
1496396
1496573
1497564
1497856
1497885
1497983
1498007
1498561
1498592
1499290
1500073
1500712
1500737
1500757
1500762
1500828
1500945
1500949
1501093
1501186
1501187
1501442
1501453
1502218
1502273
1502362
1502380
1502418
1502449
1502550
1502599
1502604
1502932
1503000
1503352
1503574
1504541
1505562
1505632
1505642
1505703
1505719
1505741
1505766
1506546
1506604
1506696
1506713
1506997
1507082
1507218
1507922
1508289
1508751
1508760
1509977
1509983
1511195
1511750
1511859
1511860
1511881
1512091
1512981
1513338
1514662
1514819
1515956
1516047
1516206
1516487
1516518
1516718
1516981
1516996
1517181
1517334
1517488
1518155
1518425
1519166
1519341
1519365
1519868
1519904
1519952
1519967
1520281
1520393
1520515
1520721
1520764
1520765
1520802
1520813
1521384
1521427
1521484
1521562
1521711
1521974
1521978
1522300
1522557
1522617
1522960
1523009
