11436
14098
14196
14384
14751
15725
16587
17097
17130
17839
17997
18016
18052
18138
18276
18393
18422
18513
18582
18583
18599
18676
18742
18755
18815
18828
18860
19115
19148
19459
19596
19887
20894
20985
21355
21751
21998
22138
22298
23032
23272
23502
23605
23627
24119
24336
24366
24520
24607
24992
25218
25467
25895
25999
26423
26798
26923
27372
27404
27426
27559
27573
27652
28015
28072
28720
28819
28954
29095
29289
29373
29520
29700
29747
29755
29774
29830
29925
29968
30008
30082
30101
30188
30360
30411
30435
30478
30586
30649
30662
30676
31003
31005
31129
31414
31646
32320
32441
32624
32927
33742
34436
34592
34635
34755
35124
35166
35198
35574
35602
36067
36103
36125
36977
37129
37154
37180
37687
38619
38706
38857
39281
39706
39861
39924
39967
40130
40158
40200
40205
40294
40410
40515
40583
40637
41281
41289
41451
41494
41756
41847
42410
42419
43844
45058
45145
45417
45495
45512
45638
45836
45838
45906
46705
46714
47161
47918
47940
48382
48493
48505
48802
49313
49400
49571
50504
51152
51209
51332
51392
51454
51491
51494
51551
51635
51650
51791
52043
52256
52417
52450
52455
52460
52475
52533
52564
52700
52764
53064
53286
53817
53916
54153
54364
54831
54846
54912
54914
54959
55042
55097
55223
55895
56090
56105
56309
56377
56411
56432
57256
57359
57639
57658
57713
57843
58424
58466
58613
58975
58978
59458
59574
59578
59589
59829
60018
60198
60354
60687
60718
60775
60781
61184
61457
61892
61894
62032
62415
63228
63379
63845
63898
64169
64232
64511
64591
64729
65134
65143
65215
65266
65279
65358
65398
65554
65571
65589
65637
65679
65680
65735
66486
66516
66534
66729
67080
67416
67455
67554
67764
67884
68236
68372
68442
68748
68844
68956
69509
70158
70281
70425
70491
70770
70785
70838
70862
71636
71868
72214
72452
72477
72581
72839
73083
73095
73251
73624
74031
74124
74234
74290
74361
74393
74572
74577
74633
74673
74683
74692
74783
74863
74881
75025
75053
75088
75202
75235
75469
75770
75791
75866
76198
76426
76585
76741
77350
77596
77645
77689
77957
77985
78007
78056
78080
78256
78681
79297
79578
79617
79758
79797
79916
80883
80991
81569
81594
81626
81693
81844
81853
81869
81903
82074
82246
82251
82357
83181
83245
83454
83503
83546
83644
91659
91977
92187
92193
92716
93169
93902
93980
93992
94230
94491
94514
94592
94651
94897
95217
95658
95660
95686
95776
95803
95967
96019
96352
96410
96520
96581
96793
96799
96805
97161
97474
97552
97606
97645
97684
98134
98532
98578
98617
98879
98918
98929
98952
98969
99025
99037
99107
99197
99209
99244
99256
99291
99380
99383
99403
99709
99743
99868
99949
100329
100585
101758
102885
102912
103168
103341
103757
103883
103937
103955
103983
104135
104931
104980
105510
106134
106297
106308
106326
106369
106374
106731
106818
106895
107061
107671
108095
108125
108665
108677
108855
110178
110840
110934
110997
111026
111404
111458
112101
112582
112745
112749
112810
112827
112852
112853
112906
112965
113015
113488
113595
113697
113720
113756
113811
113878
113902
113914
113921
113952
114028
114044
114169
114192
114243
114290
114354
114365
114395
114397
114426
114428
114461
114465
114620
114679
114728
114839
114891
114903
114974
115195
115351
115444
115547
115751
115829
115839
115896
116146
116156
116293
116382
116508
116673
116741
116770
116887
116930
116946
116980
117254
117295
117923
118342
118665
119105
119638
120114
120598
121483
121843
122116
122182
122194
122251
122778
122840
123163
123295
123494
123908
124047
124677
124685
124732
124999
125120
125212
125229
125432
125835
125976
126446
126920
127303
127365
127671
127692
127715
128021
128128
128282
128488
128538
128766
128979
129036
129054
129196
129603
130657
130883
131027
131371
131513
131519
131572
131585
132286
133238
133253
133716
134369
134468
135044
135179
135317
135488
135665
135695
135767
136852
137068
137256
137311
138096
139189
139840
140030
140338
140478
140871
140985
141153
142192
142239
143159
143355
143430
143573
143715
143860
144125
144269
144591
145513
145633
145634
146289
146876
148007
148030
148832
148953
148979
148987
149037
149131
150006
150117
150170
150300
150592
150717
150992
151242
151259
152069
152125
152269
152291
152334
152466
152950
153080
153139
153915
153919
153931
154117
154845
155078
155271
155488
155835
155900
156275
156666
157171
157879
158157
158886
159324
159529
159720
160807
161320
161337
161633
161726
161803
162890
162909
163237
163290
163859
164047
164276
164277
165010
165364
165461
165488
166190
166247
166262
166340
166382
166414
166457
166525
166580
166581
166589
166891
166897
167336
167366
167580
167679
167811
167970
168099
168290
169770
169830
169924
170442
170455
170631
170794
170870
171621
172520
172553
172647
173037
173169
175096
176040
176368
176754
176934
177722
178465
178602
178639
178810
179230
179387
179428
180137
180153
180575
180995
181166
181556
181794
181799
181940
182155
182759
182936
182988
183320
183571
183706
183819
184133
184538
184682
184685
184808
184871
184904
184932
184949
185132
185153
185310
185372
185444
185561
185604
185633
185655
185657
185682
186384
186530
186656
186836
187311
187354
187612
187736
187812
188564
188702
188995
189481
189494
189930
190151
190569
190631
190969
193084
193320
193419
195343
196131
196232
196646
197217
197401
198029
201147
201195
201323
201378
201587
201621
201627
201654
201715
201717
201982
202034
202056
202355
202470
202488
202548
202580
202737
203232
203493
203595
203664
203976
203979
204171
204507
204681
205399
205512
205549
205553
205701
206100
206171
206221
206226
206856
207341
208480
208489
208672
208723
209464
209810
209910
210036
210436
210642
210955
210964
211204
211548
211563
211573
211713
212107
212321
212504
212724
213011
213324
213620
213701
213714
213865
213895
214051
214455
214718
214742
214896
215671
215870
216268
217053
217197
217293
217443
217455
218035
218037
218349
218372
218547
218655
218835
218880
218915
219696
220054
220083
220094
220106
220112
220275
220281
220314
220318
220624
220904
221219
221702
221720
222056
222197
222227
222386
222443
222497
223120
223233
223236
223434
224075
224491
224609
224661
224693
224899
224913
225006
225052
225343
225456
225522
225531
225718
225870
226156
226915
227027
227839
227941
228338
228632
228849
229363
230134
230222
230490
230560
230636
230773
231037
231417
231691
232007
232030
232199
232533
232698
233158
233245
233301
233424
233531
233545
233608
233617
233870
234079
234202
234521
234883
234928
235011
235141
236014
236032
236052
236104
236513
236696
236740
236949
237102
237474
237606
237610
237645
237699
237732
237904
237960
238260
238350
238359
238731
238854
239007
239234
239312
239361
239708
239717
239957
240075
240280
241039
241753
241765
241777
241810
242071
242230
242239
242482
242524
242556
242575
242581
242604
242680
242801
242886
242912
243142
243144
243218
243728
243779
243794
243803
243897
243980
244013
244073
244175
244281
244418
244493
244619
244882
245261
245288
245299
245377
245408
245426
245434
245464
245483
245516
245651
245721
245744
245750
245762
245824
245856
245869
245895
246035
246065
246242
246259
246269
246277
246364
246409
246416
246419
246432
246484
246619
246643
246729
246742
246769
246789
246793
246803
246876
247101
247149
247254
247334
247598
247757
247889
248528
248534
248549
248622
248857
249081
249109
249285
249286
249290
249476
249535
249701
249750
249923
249933
250066
250096
250381
250565
250700
250841
250855
250937
251369
251378
251399
251444
251945
252091
252350
252441
252911
252924
252979
253051
253084
253093
253181
253212
253696
254181
254715
254947
254961
255150
255192
255345
255675
255699
255804
255891
256257
256779
256801
257049
257130
257205
257397
257529
257531
257592
257755
258435
258712
258960
259631
259724
260779
260782
260980
261019
261877
261964
262126
262213
262618
262798
262846
263014
263835
264642
264930
265091
265283
266110
266399
266468
266582
266663
266993
267413
267457
267682
267843
267933
268000
268012
268242
268384
268753
268841
268891
268923
268943
268945
269179
269283
269446
269879
269911
269961
270060
270108
270139
270295
270313
270367
270427
270453
270531
270576
271032
271340
271358
271865
271976
272657
272931
272954
272974
273367
273518
273523
273787
273828
273835
273881
273911
273940
273985
274002
274022
274039
274077
274091
274100
274122
274137
274255
274433
275216
275486
275618
276731
276792
277277
277280
277310
277384
277421
277448
277511
277580
278139
278151
278660
278872
278927
278952
279108
279318
279554
279950
280590
281466
281803
282441
282703
282864
283371
283554
283701
284011
284050
284053
284130
284148
284172
284181
284190
284241
284278
284448
284526
284669
284799
285687
285885
286089
286289
286611
286728
287275
287328
287669
287802
287937
288421
288590
288642
288972
289075
289419
289475
289478
289535
289603
289636
289790
289884
289889
289926
289944
290122
290193
290247
290329
290337
290390
290447
290453
290561
290689
290698
290765
290783
290793
290904
290925
291194
291211
291244
291321
291416
291631
291666
291680
291746
291751
291888
291929
291969
292182
292197
292218
292240
292273
292315
292379
292456
292460
292619
292627
292732
292821
292914
293013
294593
294669
294725
294739
294801
294803
294854
294884
294950
295168
295170
295464
295479
295565
295568
295603
295606
295639
295640
295712
295728
295764
295871
295993
296147
296236
296313
296327
296384
296427
296566
296585
296597
296870
296970
296973
297199
297307
297562
297699
297724
297784
297829
297844
298056
298732
298742
298949
298974
299210
299392
299507
299517
299524
299604
299617
299675
300031
300051
300103
300132
300151
300198
300327
300520
300816
300933
300952
301166
301184
301242
301526
301609
301644
302547
302675
303272
303294
303302
303524
303533
