33217
33602
34277
35071
35251
35666
35730
35788
35896
36053
36090
36091
36335
36348
36385
36407
36449
36485
36606
36680
36760
37058
37059
37107
37391
37432
37686
37812
37859
37887
38024
38473
38704
38783
39042
39068
39107
39168
39321
39466
39472
39491
39499
39516
39574
39657
39746
39768
39776
39810
39886
39962
40227
40365
40497
40513
41027
41137
41378
41470
41876
41887
41957
41989
42031
42165
42415
42487
42586
42617
42784
42791
42832
42859
42967
43114
43205
43303
43346
43369
43414
43415
43444
43681
44046
44231
44488
46192
46732
46774
47322
47407
47430
47884
48344
48629
48647
49028
52050
52771
52863
52967
53069
53096
53889
54061
54318
54321
54339
54961
55185
55196
55233
55291
55506
55755
55838
55845
56117
56223
56311
56332
56397
56492
56753
56980
57161
57166
58941
59446
59478
59544
60143
61084
61228
61694
61712
61748
61901
62300
62432
62866
63109
63281
63839
64043
64300
64397
65216
65318
65427
65617
66025
66457
68200
68284
68911
68988
69435
69442
69589
69757
69841
69940
70149
70164
70393
70447
70932
70941
70998
71003
71038
71043
71321
71365
71575
71578
71596
71623
71725
71821
72322
72737
72743
72842
73175
73205
73326
73362
73511
73589
74106
74693
74711
74792
74828
75017
75116
75126
75353
75377
75473
75517
75707
75710
75779
75794
76250
77110
77244
77521
77536
77754
78105
79054
79134
79252
79764
80033
80586
81384
81676
82218
82378
82570
82603
82642
82672
82681
82759
82762
82991
83002
83044
83198
83327
83636
83718
83736
83757
83798
83863
84352
84490
84537
84553
84628
85238
85688
86437
86619
86647
86935
87033
87158
87441
87454
87841
88299
88455
88581
88638
88653
88841
89223
89470
89616
89638
89673
89839
89846
90280
90400
90448
90550
90802
90949
90982
91199
91370
91438
91453
91463
91489
91552
91557
91592
91614
91737
91823
91845
92656
92889
93065
94972
95075
96800
97478
97610
97633
97809
98162
98443
98544
98735
98776
98780
98981
99650
99704
99844
99913
100003
100171
100186
100194
100228
100273
100622
100984
101052
101077
101318
101401
101419
101420
101769
101816
102078
102107
102146
102204
102305
102386
102500
102989
103238
103244
103443
103521
103524
103578
103717
103869
104229
104541
104814
104826
104856
104883
104892
105006
105097
105423
105429
105843
105849
105888
106151
106251
106264
106364
106384
107465
108214
108220
108331
108947
108954
109023
109088
109584
109604
111208
111244
111249
111365
111554
111761
111851
111855
111925
112105
112140
112969
113046
113321
113370
113783
114249
114937
115203
115294
115307
115590
115862
116045
116385
116414
116567
116677
116926
117048
117089
117122
117367
123679
123885
124780
124867
125209
125231
125570
125806
126267
126333
126375
126868
127121
127239
127669
128123
128416
128417
128527
128530
128581
128585
128594
128636
128721
128730
128970
129004
129440
129671
130190
130295
130602
130732
130793
131279
131296
131327
131567
131703
131796
132089
132120
132152
132179
132221
132587
132646
132710
132965
133313
133472
133509
134633
135272
135587
135770
135812
136228
136572
137220
137661
137721
137841
138302
138347
138392
138586
139494
139611
139629
139908
139962
140030
140446
140456
140480
140491
140493
141631
141677
142346
142364
143222
143372
143792
143890
143896
143977
144008
144050
144479
144992
145665
145716
145798
146419
147007
147274
148128
148210
148225
148296
148731
148914
148966
149100
149404
150293
150306
150390
150543
150589
151016
151061
151234
151259
151396
151522
151553
151709
151786
151997
152141
153405
153546
153774
154043
154173
154180
154898
155009
155025
155221
155250
155668
155674
155997
156082
156178
156337
156508
156684
156746
156784
156847
158074
158239
158356
158453
158905
158961
159120
159725
159763
159827
160403
160688
160967
161164
161180
161205
161284
161330
161586
161695
162035
162038
162056
162143
162148
162158
162190
162223
162230
162240
162280
162285
162286
162379
162386
162389
162494
162643
162766
162872
163486
163567
163600
163681
163690
163708
163792
163852
163945
164269
164320
164383
164556
164641
164683
164705
164737
164802
164835
164836
165055
165574
165594
165599
165622
165797
166046
166048
166559
166792
166848
167044
167344
167546
167735
167794
167815
167840
167922
168268
168465
168708
169317
169416
169599
169755
169772
169851
169911
170000
170112
170203
170281
170728
171306
171805
171849
171983
172081
172558
172646
172956
173112
173494
173907
174057
174195
174201
174207
174465
174849
175704
176010
176359
176570
176587
176601
177738
177825
178021
178377
178474
178587
178731
178992
179760
180056
180123
180159
180177
180271
180390
181062
181215
181216
181470
181640
181858
182170
182622
182626
182917
182941
182944
183205
183244
183754
184246
184504
184627
185107
185134
185566
185932
185983
186289
186679
186751
186759
186762
186776
186791
186810
186894
187188
187293
187911
188416
188845
188862
188972
189367
189504
189546
189547
189850
190009
190129
193147
193217
194198
195064
195128
195170
195386
195722
195929
195938
196238
196283
196316
196497
196554
196572
196577
196616
196662
197170
198279
198516
198570
198924
198926
198980
199082
199145
199433
199601
200083
200443
200683
200794
201490
201943
202129
202414
202453
202740
202849
202852
203170
203290
203506
203594
203803
203923
204070
204093
204645
204818
204904
205055
205095
205100
205128
205433
205475
205541
205574
205841
205945
205962
205972
206022
206130
206166
206532
206545
206822
207252
207320
207586
207629
208244
208635
208888
208985
209222
209483
209501
209507
209576
209582
210327
210403
210958
211081
211117
211399
211489
211576
212020
212816
213488
213659
213885
214789
215497
215808
215885
215898
216003
216075
216499
217333
217641
218172
219124
219136
219137
219822
219936
219960
220116
220591
220633
221114
221192
221206
221510
221576
221841
221858
221862
221900
222131
222314
222653
222852
223454
223729
224038
224207
224245
224453
224504
224526
224654
225137
225557
225662
225905
226379
226460
226468
226491
226512
226516
226585
226694
226772
226817
226877
227513
227538
227560
227572
227702
227759
228047
228309
229198
229291
229539
229703
229704
229744
229977
230361
230453
230474
230499
231024
231041
231089
231460
231663
231973
232036
232665
232893
233126
233544
233724
233742
234113
234124
234579
234673
234731
234932
235239
235271
235425
235950
236076
236826
237835
237922
238440
238584
238590
239847
240519
241438
241534
241586
241710
242366
242488
242558
242766
243025
243033
243128
243259
243831
243874
244018
244031
244324
244783
245153
245195
245302
245647
246178
247071
247102
247117
247341
247746
247923
248073
248196
248262
248324
248406
248980
248998
249136
249246
249250
249391
249516
249801
249830
249941
249980
250043
250139
250322
250953
251092
251194
251291
251408
251789
252563
252641
252891
253006
253882
253883
253895
254194
254413
254619
254822
254823
254966
255091
255588
256235
256324
256412
257356
257374
257396
257719
257863
258304
258408
258436
258470
258574
258715
258736
258794
258913
259138
259707
259780
259797
259799
259825
259841
260102
260183
260340
260677
261194
261263
261299
261489
261788
261915
261959
262002
262190
262203
262766
262868
263030
263183
263193
263431
263894
264294
264516
264548
264557
264609
265043
265602
266197
266234
266279
266696
266759
266897
267212
267320
267515
267689
268100
268134
269276
269696
269781
270102
270103
270164
270444
270451
270906
270921
271041
271047
271168
271314
271422
271898
271903
271912
271928
271988
272042
272365
273137
273233
273332
273347
273944
274324
274592
274651
274809
275191
275230
275901
275908
276109
276515
277027
277036
277291
277524
277532
277667
277675
277772
278065
278256
278457
278544
278901
279594
279879
279981
280005
280147
280156
280157
280341
280505
281271
281614
282044
282122
282124
282266
282628
283276
283690
283801
284163
284406
284599
284754
284878
284911
284917
285091
285268
285590
285611
285613
285646
285711
285767
286096
286097
286561
287251
287299
287323
287533
288095
288104
288113
288161
288175
288307
288310
289218
289302
289317
289335
289503
289536
289728
289812
289997
290043
290223
290597
290809
291072
291244
291466
291517
291607
291799
291873
292076
292132
292263
292307
292342
292727
292783
293011
293065
293078
293098
293263
293361
293536
293833
293942
294216
294347
294396
294433
294448
294658
294683
294699
294798
295163
295566
295998
297073
297330
297467
297833
297977
298026
298223
298279
298337
298532
298577
298731
298766
298878
298882
298949
299004
299032
299169
299213
299782
299868
300109
300129
300698
301024
301044
301045
301661
302017
302514
302580
303101
303222
304624
304625
305374
305394
305395
305753
305924
305972
306254
306308
306464
306699
307004
307008
307058
307067
307097
307380
307840
307905
307963
307994
308120
308195
308309
308420
308439
308645
308792
308903
308992
309193
309719
309833
309859
309901
310070
310348
311417
311450
311489
311808
312272
312393
312597
312684
314572
314863
314929
315191
315691
316008
316044
316361
316536
316574
316591
317246
317298
317858
318100
318104
318512
319406
319505
319664
319913
320096
320174
320395
320489
320852
321148
321352
321368
321502
321663
321742
321775
322138
322691
322692
322978
323017
323072
323184
323264
323293
323295
323335
323522
323543
323567
323605
323620
323945
324175
324289
324367
325133
325159
326265
326371
326554
326630
326722
327275
327797
328349
328373
328484
328519
328714
328719
328865
328999
329015
329046
329105
330316
331250
332235
335001
335565
335976
336572
336585
336629
336658
336821
337063
337296
337325
337425
337465
337713
337737
338879
339540
340382
340440
340517
340554
340587
340588
340724
340744
340745
340746
340856
340867
340897
341088
341181
342006
342160
342654
343103
343217
343259
343269
343279
343550
343727
343769
343838
343932
344277
344285
344462
344518
344523
344533
344650
344721
345165
345249
345394
345603
345689
346194
346309
346417
346438
346558
346738
347003
347031
347033
347095
347099
347268
347351
347678
347758
347823
347863
347918
347921
347930
347970
348024
348085
348099
348210
348257
348546
348670
348695
348769
348888
348896
348935
348968
349053
349130
349266
349515
349564
349987
350170
350302
350368
350618
350863
350879
350884
351333
351470
351541
351721
351780
351835
352075
352180
352336
352378
352414
352702
352710
352951
352987
353194
353318
353449
353482
353491
353527
353620
353683
353686
353702
353825
353946
354120
354122
354128
354151
354266
354274
354288
354481
354510
354554
354611
354629
354739
354740
354753
354754
354846
355189
355196
355477
355843
356152
356413
356557
356936
357107
357155
357161
357261
357554
358132
358915
358922
359878
360359
360406
360593
360797
360812
361124
361539
361558
361615
362851
363553
363911
364145
364325
364437
365157
365859
365917
366154
366186
366495
366567
366884
367057
367176
367217
367258
367292
367334
367410
367677
367742
367959
368004
368375
368869
368964
368969
369074
369227
369285
369399
369650
369723
369757
370226
370229
370360
370719
371126
371156
371268
371600
371632
371824
371932
372022
372066
372134
372190
372365
372610
372689
372828
373213
373492
373773
374373
374442
374598
374613
374669
374709
374763
375369
375591
375649
375700
375713
375717
375730
375753
375869
376347
377037
377273
377291
377404
377548
377605
377924
378090
378122
378126
378233
378285
378723
378827
378890
379161
379178
379232
379289
379310
379448
379502
379520
379714
379747
379841
379848
379879
379978
380023
380192
380309
380677
380683
380689
380728
380731
380767
380964
381359
381445
381487
381556
381739
382956
382957
383062
383110
383527
383538
383582
383827
383845
383933
384021
384338
384361
384592
384775
384785
384919
384942
384993
384994
385004
385005
385035
385047
385051
385066
385067
385448
385510
385598
385620
385782
385811
385824
385862
385876
385907
385971
385998
386105
386207
386415
386524
387013
387208
387907
387912
387913
387971
388018
388262
388327
388431
388460
388494
388707
388715
388841
388855
388875
388893
388937
389116
389171
389175
389346
389464
389498
389522
389653
389798
390718
391152
391244
391265
391349
391650
392353
392644
392965
393128
393187
393383
394357
394374
394716
395073
395093
395321
395690
395820
395871
396076
396098
397271
397987
398146
398593
398605
398665
398944
399212
399289
399973
399994
400021
400022
400039
400072
400099
400107
400124
400253
400447
400641
400878
401023
401485
401767
402137
402863
405136
405451
405935
406723
406909
406989
407043
407056
407104
407171
407249
407340
407771
408436
408540
408953
409021
409273
409351
409753
410084
410228
410276
411585
411906
411947
412390
412522
412529
412935
412949
412981
412988
413596
413774
414198
414316
414371
414442
414444
414454
415373
415710
415944
416094
416636
417076
418408
418409
418477
418654
418837
419065
419095
421680
421714
422226
422412
422483
422702
422707
422740
423321
423571
423589
423658
424455
425237
425274
427719
427750
428753
428807
428898
428967
429552
429624
429729
430036
430667
431730
431735
431766
431789
432006
432749
433059
433358
434027
434141
434336
434570
435038
435055
435062
435177
435286
435369
435528
435714
435875
435953
435971
436036
436175
436690
436723
436910
436959
437000
437037
437180
437342
437366
437406
437454
437624
437767
437809
437815
437851
437900
437954
438011
438049
438055
438064
438092
438107
438163
438216
438305
438324
438354
438910
438954
439071
439104
439152
439194
439263
439671
439785
439830
440013
440166
441136
441731
442178
442720
443051
443409
443811
443923
444015
444029
444165
444258
444322
444326
444406
444439
444443
444467
445648
445855
445939
445951
445973
446025
446089
446328
446514
446616
447004
447432
447509
447540
447546
447606
447858
448080
448528
448535
448985
449105
449205
449944
450086
450146
450461
450650
450987
451001
451052
451154
451172
451183
451274
451593
451948
451996
452278
452536
452641
453067
453073
453180
453731
453897
454214
454284
454535
454559
454610
454944
455286
455342
456420
456606
456645
457188
457470
457548
457599
457679
457898
458232
458343
458453
458549
458585
458617
458684
458817
458891
459568
459843
460017
460179
460248
460379
460815
460871
461249
461253
461423
461429
461434
461659
461660
461696
461776
462083
462960
462964
463112
463192
463343
463406
463433
463444
464038
464113
464158
464237
464274
464562
464594
464595
464890
465693
465910
465934
466090
466144
466157
466231
466340
466550
466702
466762
467008
467044
469262
469522
469853
470456
470872
470972
471091
471279
471323
471770
471872
471953
472362
472668
472690
472766
473696
474686
474687
474725
475032
476517
476648
476717
476972
477041
477610
477611
477629
477659
477680
477707
477773
477793
477802
477839
477881
478354
478649
478750
478915
480090
480180
481143
481308
481588
481630
481817
482126
482383
484524
484875
484953
485031
485898
485952
486108
486135
486141
486243
486303
486327
486508
486509
487028
487406
488123
488163
488189
488252
488270
488280
488300
488333
488504
488540
488543
488607
488630
488732
488780
488859
488927
488996
489152
489227
489293
489366
489625
489886
489887
489952
490345
490456
490896
491476
491651
492036
492287
492629
492927
493178
493264
493331
493349
493415
493534
493846
494089
494313
494326
494421
494461
494556
494571
494573
494732
494734
494794
494820
494956
495340
495462
495525
495528
495679
495803
495882
495950
496083
496163
496393
496422
496659
496778
496842
497013
497086
497152
497271
497284
497288
497298
497350
497358
497387
497441
497542
497758
497904
497977
498007
498157
498202
498327
498478
498558
498928
499156
499249
499294
499626
499909
499981
500197
500224
500359
500665
500878
501040
501220
501319
501355
501367
501502
502195
502273
502324
502484
502536
502562
503360
504718
504738
504755
504786
505006
505083
505109
505165
505528
505622
505999
507308
507802
507811
508002
508781
508812
508852
508977
509642
509952
510165
510696
511001
511101
511376
511377
511394
512726
512729
512989
513009
513070
514405
514664
515380
516037
516832
517247
517314
517639
517647
517857
518019
518151
518278
518802
519037
519048
519432
519516
519651
519658
520129
520326
520339
520372
520499
520568
520650
520667
520826
521081
521084
521859
521864
521934
522066
522233
522303
522596
522888
523213
523527
524311
527429
529292
529542
530986
533850
534085
534200
536230
536537
537181
537204
537484
537974
538149
538378
538480
538489
539037
539181
539184
539609
539660
540789
540930
541674
542337
542349
542699
542841
542889
543780
544461
544509
544630
544647
544675
544702
544732
544740
544813
544924
544940
544949
544976
544982
545061
545340
545406
546123
546162
546163
546165
546340
546393
546819
546837
547180
547205
547266
547325
547477
547486
547969
548170
548173
548227
548302
548775
548912
548995
549127
549281
549308
549551
549794
550085
550213
550314
550328
550382
550501
550671
550672
550695
550804
550922
551813
552117
552340
552997
553024
553076
553236
553518
554715
554820
554893
555037
555261
555652
555694
556316
557044
557623
557722
558128
558487
559591
560060
560108
560174
560334
560585
561106
561757
562225
562241
562412
562630
562666
562729
562947
562990
563142
563734
563779
564321
564451
564575
564623
565616
566628
567018
568029
568346
569013
569110
569787
569831
569838
570484
570759
571108
571165
571487
571837
571876
571905
572407
572419
573434
573534
578388
578915
579028
579277
580729
580876
580924
581863
582071
582149
582404
582656
582877
583109
583442
583749
583902
583999
584518
584668
584870
584993
585188
585299
585314
585323
586076
586092
586345
586852
586872
586907
587196
587206
587265
587394
587428
588022
588171
588504
588780
588933
589132
589146
589155
589303
589536
589700
590710
590749
590800
591202
591337
591532
591684
591787
592027
592237
592238
592385
592588
592731
592970
593734
593812
594122
594292
600847
600857
600864
600898
600919
601064
601325
601746
601770
602416
602638
602700
602945
603166
603538
603992
604119
604154
604256
604413
604415
604515
604649
604804
605119
605161
605644
605914
605978
606234
606329
606373
606670
606771
606997
607260
607332
607371
607392
608418
608505
608673
608682
608818
608850
609108
609162
609537
609550
609553
609608
609993
610269
610420
610454
610496
610704
610901
610939
611138
612869
613660
615985
616666
616760
616962
617114
617145
617162
617230
617280
617296
617325
617354
617389
617695
618571
618629
618788
618805
618815
618829
618848
618863
618898
618906
618915
618919
618920
618937
618956
618989
619017
619018
619052
619168
619211
619220
619251
619268
619285
619293
619317
619338
619352
619392
619406
619417
619456
619485
619579
619636
619666
619772
619776
619795
619836
620022
620063
620082
620354
620640
620691
621685
621813
621951
621972
622023
622053
622119
622122
622291
623040
623184
623358
623415
623422
623880
624057
624112
624979
625559
625595
625596
625649
625813
625878
626516
626519
626782
626802
626967
627024
627279
627354
627543
627675
627997
628042
628281
628366
628689
629093
629132
629470
629716
629973
630473
630587
631404
631620
631668
632023
633004
633825
634186
634570
634951
635023
635248
635737
635929
636422
637574
637662
637710
637752
637797
637866
638028
638037
638040
638088
638364
638427
638499
638526
638958
639033
639042
639120
639154
639225
639243
639347
639556
639581
639819
639982
640163
640217
640538
640558
640991
640992
641337
641422
641462
641509
641601
641637
642125
642189
642679
643115
644495
644536
645369
645807
646578
646997
647133
647456
647668
647729
647759
647803
648237
648434
648801
649249
649518
649676
649839
650136
650442
650571
650976
651060
651210
651549
651841
652990
653075
653363
653431
653435
653627
653878
653975
655035
655064
655070
655103
655466
655592
655599
655925
656069
656825
656851
656854
656863
656880
656906
656909
656944
656980
657129
657752
657824
657959
658022
658040
658322
658402
658487
658496
658711
658992
659154
660722
661531
661543
661546
661971
661998
662245
662281
662292
662319
662365
662487
662592
662688
662842
663595
663696
663913
664387
664421
664440
664462
664466
664542
665265
665409
666010
666502
666572
667108
667235
667477
667488
667624
667630
668080
668097
668250
668343
668376
668451
668667
668767
668816
668837
668916
669051
669219
669239
669462
669828
670245
670593
670862
670869
670892
671012
671153
671235
671302
672177
672202
672232
672347
672653
672740
672776
672933
673013
673058
673387
673540
673570
673702
673942
674074
674265
674308
674412
675019
675063
675376
675453
675665
675793
675959
675995
676100
676289
676463
676592
676727
676789
677201
677289
677294
677733
677951
678010
678248
678535
678665
678842
678991
679055
679088
679215
680588
681810
682177
682254
682837
682956
682964
683128
683206
683240
683410
683474
683562
683642
683694
683698
683759
683778
683812
683842
683845
684077
684078
684132
684419
684557
684920
685067
685601
685875
687587
687753
688017
688168
688554
688682
690202
690298
690299
690558
690678
691291
691396
691507
691843
692057
692395
692619
692737
692888
693081
693683
693851
693870
694141
694220
694277
694479
695843
695870
696122
696143
696182
696273
696392
696650
696980
697062
697446
697557
698112
698212
698423
698442
698570
698616
698723
698772
698870
699602
700016
700091
700294
700407
700804
700853
701208
701218
701280
701300
701347
701442
701450
701466
701569
701574
701599
701667
701704
701772
701808
701852
702217
702262
702674
702696
702890
702913
702945
703059
703061
703092
703359
703373
703690
710610
710643
710657
710695
710723
710864
710905
711230
711373
711503
711538
711540
711604
712481
712945
713039
713081
713264
713303
713345
713612
714100
714566
714848
715193
715235
715653
715665
715668
715851
716635
716849
717148
717193
717433
717973
718286
718397
718406
718454
718493
718752
720238
720440
720518
720533
720539
720746
721370
722071
722470
723816
724281
725550
725848
725863
725969
725984
725988
726044
726448
726499
726712
726713
727355
727507
727572
727650
728111
728123
728288
728708
728723
728798
729128
729483
729726
729728
729770
729812
729917
729918
729941
729943
730677
730763
731576
732006
732393
732852
732999
733101
733293
733347
733380
733898
733951
734077
734650
735184
735907
736006
736690
737266
737331
737496
737529
738108
738454
738617
738654
738845
739350
739749
740148
741072
741418
741647
741916
741954
742127
742150
742379
742604
742634
742716
743254
743338
743882
744522
744523
744580
744600
744769
744964
744967
745138
745265
745324
745409
745446
745467
745659
745698
746045
746189
746609
747181
747315
747490
747546
747774
748029
748224
748445
748605
748608
748655
748698
748712
748713
748737
748780
748819
748863
748866
748991
749026
749079
749608
749763
750083
750183
750644
751145
751193
751727
752002
752381
753081
753082
753445
753848
754853
755016
755132
755263
755321
755561
755705
755771
756074
756403
756405
756425
756611
756630
756659
757882
758153
759277
759307
759381
759566
759937
759944
759985
759997
760099
760105
760954
761947
762046
762067
762072
762530
762537
762665
762692
763131
763262
763568
763657
763826
764378
764969
765140
765269
765404
766151
766208
766250
766295
766307
766455
766469
766673
767082
767093
767237
767292
767370
767377
767401
767815
767830
767852
767859
767905
767987
767992
768001
768978
769002
769092
769431
769620
770102
770508
770539
770614
770868
771042
771180
771351
771781
772232
772708
772966
773149
773755
773833
773941
773995
774265
774323
774441
774742
775426
775484
776340
776881
776883
776993
777063
777197
777461
777483
777645
777648
777689
777720
778005
778022
778621
779051
779060
779089
779132
779194
779467
779845
779921
780017
780034
780065
780068
780071
780077
780184
780669
780728
780732
780750
780764
780858
781633
781936
782160
782242
782527
782716
782800
782821
783022
783046
783203
783238
783313
783444
783455
783501
783594
783919
784001
784086
784734
785112
785151
785163
785407
786198
786207
786736
787105
788055
788137
788535
789017
789110
789501
789588
789620
789979
790068
790119
790259
790298
790538
790688
791058
791981
792226
794298
794598
794654
794688
794817
795030
795362
795549
795711
796356
796494
796725
796993
797043
797205
797370
797376
797569
798032
798185
799260
799553
799894
799973
800671
800724
801555
802489
802784
803471
804330
804331
804445
804513
804529
804790
804850
805025
805027
805168
805549
806194
806226
806232
806274
806319
806847
807123
807291
807324
807453
807468
807798
807849
807980
808135
808174
808425
808584
808993
809001
809071
809343
809376
809460
809627
809657
809724
809812
809895
809913
810411
810557
810751
810765
810780
810838
811006
811067
812092
812219
812644
812728
813794
814381
814706
815003
815030
815061
816593
816972
817513
817966
818119
818263
818546
818999
819178
819228
819300
819414
819609
819625
819667
819714
820001
820011
820207
820407
820842
820906
820953
821078
821142
821187
821223
821439
821737
821916
822089
822553
823421
824472
824520
824577
824604
824636
824646
824954
825148
825258
826024
826031
826034
826120
826154
826528
826621
826624
826642
826798
826879
827239
827251
827824
828031
828050
828088
828592
829039
829111
829129
829210
829444
829795
829911
830506
831592
832096
832169
832236
832326
832546
832589
832616
832633
832648
832893
833145
833356
833472
834197
834371
834401
834436
834472
834731
834770
835187
835656
835817
836062
836300
836404
836419
836722
837056
837126
837630
837673
838159
838228
838315
838372
839332
839444
839707
839744
839828
839885
840426
840713
840860
840872
840945
842069
842085
842107
842131
842137
843305
843356
843367
843686
843713
845688
845838
845840
846014
846635
846762
846878
847382
847716
848376
848406
848537
848635
848657
848683
848684
848740
848781
848800
849032
849039
849266
849267
849274
849415
850123
850266
850405
850837
850845
851373
852044
852208
852621
852634
852640
852722
852729
854117
854178
854679
855309
855498
856254
856328
856758
857553
857886
857961
859039
859217
859563
859587
859763
859862
860263
860391
860789
861110
861174
861195
861567
861787
862116
862275
862860
862998
863103
863148
863403
864480
864882
865407
866653
866964
867490
867663
868028
868708
869333
869392
869434
869473
869482
869524
870396
870516
870951
871028
871386
871698
871812
871928
872508
874665
874736
874742
874982
875094
875585
876330
877083
877788
878000
878028
878041
878089
878163
878260
878292
878430
878704
878750
879103
880701
880986
881011
881099
881147
881375
881412
881483
881486
881577
881726
881960
882294
882322
882384
882721
883100
883135
883432
883783
883831
883847
884035
884521
884566
884571
884667
884876
884877
885209
885299
885329
885908
885956
885962
886037
886052
886097
886562
887399
887734
887904
888445
888458
888479
888546
888666
889108
889336
890242
890476
890566
891508
891617
891816
891823
891830
892523
892725
893015
893162
893213
894153
894596
895314
895522
895842
896045
896125
897452
897794
898013
898552
900141
900879
900977
902623
903729
904326
905016
905324
905464
906405
906845
907011
907061
907068
907142
907331
907575
907587
907642
907649
907677
907701
907702
907771
907801
907868
907896
908145
908299
908351
908529
908551
908692
909597
910524
910563
910566
910602
910659
910695
910887
910977
910998
911046
911484
911633
911636
911792
911862
912385
912655
912693
912908
913353
913391
913421
913480
913489
914118
914507
914621
914716
914859
915096
915217
915598
915644
915710
915725
916668
916890
917624
917763
918499
918837
919101
919425
919539
919734
919989
920343
920643
921302
921405
921473
922228
923431
923451
923616
923772
923827
923922
924135
924624
924975
925317
925552
925556
927067
927418
927595
927616
928093
928399
928405
928450
929173
929212
930131
931168
931419
931550
931568
931761
931901
932073
932673
933254
933321
933398
933449
933602
934022
934157
934518
934883
935702
935933
935963
936263
936534
936884
936895
936962
936998
937019
937100
937344
937692
937840
938069
938096
938143
938476
938597
938699
939173
939212
939394
939507
939549
939816
940839
941433
941706
941950
942129
942309
944698
945000
945099
945150
945153
945177
945787
945900
945902
946062
946069
946536
946808
947625
947691
948387
948408
949553
949582
949640
949900
949992
950356
950429
951059
951962
952020
952250
952695
952742
952928
952962
953078
953190
953320
953682
953761
954024
954231
955006
955420
955483
955552
955553
955633
956070
956382
956953
957391
957534
957717
957993
958213
958219
958391
958841
959058
959466
959649
960152
960384
960575
960591
960594
960599
960624
960650
961004
961019
961850
964208
964355
964655
966318
966422
966428
966610
967248
967257
967263
967611
967667
968067
968210
968244
968465
968476
968531
968735
969121
969140
969164
969185
969196
969198
969226
969234
969237
969255
969264
969355
969364
969389
969441
969558
969660
969857
969902
976550
976799
977130
977155
977302
977581
977689
977770
977995
978096
978288
978334
978755
978831
978930
979088
979094
979155
979627
979732
979903
980009
981367
981397
981575
982448
983423
983903
984206
984647
984651
984654
984804
985000
985136
985158
985335
985386
985891
986501
986699
986832
986894
987247
987418
987547
988081
988096
988441
988871
989056
989211
989682
989730
989742
989863
990949
990952
991009
991137
991150
991168
991243
991374
991429
991595
991649
991667
991809
991825
991846
991864
991870
991945
992014
992083
992155
992356
992374
992377
992383
992413
992458
992467
992589
992674
992758
993623
993650
993703
993796
994005
994048
994160
994161
994385
994997
995303
995623
996308
996585
996592
996601
996745
996800
996801
996896
996969
996989
997011
997118
997162
997192
997197
997202
997326
997395
997446
997473
998046
998121
998421
998591
998864
998921
999189
999293
1000014
1000015
1000082
1000334
1000780
1000921
1000954
1001107
1001234
1001444
1002113
1002123
1002240
1002597
1002620
1002911
1002944
1003101
1003120
1003121
1003427
1003494
1003506
1003790
1003942
1003977
1004103
1004149
1004303
1004327
1004474
1004479
1004484
1004499
1004661
1005541
1005694
1005955
1006168
1006228
1006324
1006381
1006391
1006767
1006876
1007049
1007117
1007259
1007338
1007445
1007511
1007594
1008393
1008432
1008443
1008666
1008669
1009095
1009143
1009151
1009187
1009233
1009425
1010116
1010122
1010147
1010235
1010331
1010523
1010592
1010673
1011440
1011803
1012127
1012998
1013328
1013810
1014090
1014504
1015192
1015203
1015397
1015451
1015979
1015988
1016037
1016174
1016189
1016360
1016534
1017497
1017566
1017599
1017691
1018000
1018270
1018423
1018471
1018791
1019282
1019284
1019407
1019418
1019618
1019853
1019888
1019912
1019988
1020058
1020116
1020336
1020414
1020452
1020579
1020933
1021257
1021311
1021460
1021550
1021555
1022023
1022673
1022685
1022736
1022757
1023785
1023874
1023944
1024013
1024097
1024379
1024678
1025192
1025234
1025392
1025498
1025575
1025597
1025626
1025628
1025751
1025986
1026462
1026675
1026863
1027719
1028006
1028949
1028985
1029281
1030149
1030332
1030410
1031115
1031198
1031598
1031754
1032239
1032449
1032776
1032899
1033501
1033684
1034221
1034376
1034400
1034596
1034832
1034962
1035092
1035181
1035182
1035290
1035656
1035692
1035815
1036548
1036781
1036992
1037336
1037415
1037751
1037977
1038438
1038960
1039398
1039540
1039544
1039824
1040793
1041018
1041417
1041432
1041487
1041524
1041635
1043361
1043458
1043737
1043837
1043845
1044044
1044215
1044349
1044459
1044465
1044559
1044645
1044705
1044724
1044907
1044959
1045014
1045029
1045032
1045051
1045091
1045378
1045466
1045477
1045752
1045872
1046255
1046807
1047626
1047996
1048182
1048531
1048565
1048767
1048875
1049047
1049465
1049615
1050150
1050281
1050536
1051046
1051096
1051258
1051260
1051267
1051319
1051694
1052570
1053179
1053218
1053232
1053246
1053278
1053286
1053290
1053302
1053318
1053325
1053380
1053394
1053494
1053506
1053748
1053751
1053752
1053953
1054069
1054305
1054352
1054387
1054468
1054511
1054533
1054570
1054654
1055026
1055030
1055195
1056132
1056133
1056207
1056412
1058254
1058342
1058494
1058648
1058657
1058776
1058801
1058818
1059405
1059625
1059725
1059744
1059872
1059890
1059916
1059946
1059960
1060063
1060089
1060103
1060136
1060145
1060239
1060367
1060435
1060612
1061049
1061061
1061582
1061672
1061717
1061800
1061841
1061899
1061951
1061963
1062070
1062155
1062345
1062461
1062514
1062529
1062538
1062646
1062694
1062700
1062955
1063184
1063555
1063585
1063818
1063845
1064011
1064042
1064066
1064123
1064466
1064500
1064524
1064587
1064590
1064615
1064799
1064803
1064807
1064897
1064921
1064926
1064944
1064948
1064952
1064990
1065996
1066011
1066448
1066603
1066871
1066877
1066963
1067693
1067871
1067969
1068152
1068167
1068254
1068299
1068515
1068559
1068560
1068573
1068590
1068754
1068781
1068810
1068821
1068822
1069122
1069129
1069164
1069274
1069292
1069297
1069303
1069426
1069465
1069479
1069584
1069586
1070871
1070883
1070895
1070909
1071090
1071091
1071118
1071122
1071181
1071359
1072997
1073023
1076482
