16416
19898
20286
20374
20546
20832
20947
20962
21007
21070
21105
21136
21161
21171
21256
21426
21600
21810
22097
22364
22478
22524
24955
26299
26836
26865
26952
27014
27052
28099
28948
29018
29041
29253
29327
29425
29430
29458
29562
29582
29674
29856
30029
30031
30270
30443
30877
31780
32078
33001
33723
34987
35083
35098
35391
36274
36627
37356
38929
38938
39040
39105
39693
40325
40351
40527
40910
40950
41286
41399
42374
42377
43061
43074
43682
43865
43892
43958
44063
44093
45121
45173
45265
45271
45967
45974
46105
46871
47067
47325
47566
47999
48109
48262
48265
48355
48458
48853
48861
48872
48882
48890
48951
48995
49036
49046
49049
49093
49169
49416
50190
50572
50850
50886
50941
50951
50992
51000
51382
51466
51469
51714
51889
52597
52881
52883
52889
52965
53041
53120
53137
53183
53348
53407
53499
53686
53945
54119
54761
55209
55232
55247
55327
55362
55382
55419
55562
55774
55837
55881
55961
55962
56011
56152
63705
63706
63783
63784
63792
63801
63806
64149
64188
64208
64673
64923
65188
65675
66210
66216
66237
66715
66802
67491
68036
68239
68341
68965
69147
69355
69507
69661
70081
70261
70600
70801
70885
71060
71375
71473
71516
71576
71589
71603
71610
71643
72115
72392
72410
73071
73249
74140
74937
75329
75461
75694
75760
76104
76135
76198
76310
76316
76573
76708
76804
76822
77239
77339
77509
77707
77995
78844
79103
79263
79391
79421
79425
79687
79722
79795
79797
80286
80419
80482
80580
80748
80772
81369
81416
81459
81601
81619
81763
81796
81896
81999
82072
82074
82186
82464
82869
83471
83474
84641
85280
85599
86233
86446
86686
87430
87536
87677
88282
88336
88567
88582
90395
90568
90910
90983
91468
92875
92966
92986
93017
93022
94081
94134
94145
94159
94183
94315
94368
94369
94414
94530
94919
95212
95802
95982
96091
96115
96130
96310
96592
96613
96934
97135
97162
97177
98807
99074
99691
100432
100939
101603
101755
101890
102244
102998
103486
103531
104266
104305
104333
104383
104443
105285
105356
105737
105791
105874
105914
105960
105966
105969
105972
106107
106109
106300
106318
106390
106396
106429
106507
106812
106893
107304
107754
107814
108114
108350
108552
109353
109598
109629
109647
110433
110859
110901
111093
111146
111342
111364
111372
111390
111550
111924
111979
112080
112536
113385
114102
114414
114586
114774
114957
115170
115392
116036
116041
116082
116121
116275
116481
116499
116628
116642
116725
116778
116892
117756
117927
117949
117982
118097
118110
118152
118215
118260
118501
118529
118791
118838
118864
118878
119242
119752
120397
120598
121006
121018
121081
121553
121557
121592
121617
121751
121959
122624
122768
123092
123134
123171
123192
123371
123389
123680
124052
124079
124217
124310
124331
124436
124850
124946
125111
125504
125700
125757
125767
125804
125867
125934
125963
125970
126620
126726
127009
127887
127908
128274
128692
128710
128926
128965
129067
129148
129227
129263
129341
129343
129709
129733
129787
130068
130137
130145
130597
130737
130935
130944
131050
131289
131758
131820
131951
132500
133367
133543
133582
133621
133624
134014
134038
134125
134176
134203
134206
135194
135618
135743
137217
137220
137229
137442
138385
138601
139583
140565
140586
140589
141165
141213
141255
141333
141402
141403
141543
141699
141867
141974
142047
142339
142530
142545
143192
143242
143311
143391
143469
143885
144123
144607
144819
145176
145953
145973
146346
146593
147048
147075
147141
147215
147216
147305
148159
148309
149714
150165
150413
150484
150643
151184
151839
152392
152430
152993
153024
153447
153659
153677
154152
154558
154623
154721
154749
154774
154971
155105
155232
155233
155280
155661
155906
156518
156922
157225
157477
157722
157745
157791
158127
158264
158279
158444
158999
159167
159487
159629
159707
159936
160237
161445
161498
162751
162788
163613
163759
166081
166291
166458
167460
167661
167685
167941
168354
168374
168450
168575
168714
169165
169544
169620
169623
169662
169697
169911
170076
170104
170258
170349
170487
170670
170715
170856
170972
171075
171422
171525
171529
171534
171564
171612
171860
171885
171898
172579
172923
173053
173291
173680
173921
173952
174881
174906
175137
175958
176099
176433
176684
177089
177345
177695
177875
177880
178076
178232
178256
178374
178695
178700
178737
178807
179451
179634
180580
180750
180992
181334
181434
181480
181659
182574
182629
182715
183118
183470
184038
184173
184605
184681
185449
185620
186082
186136
186418
186540
186670
186772
186790
186811
186862
186924
187528
187711
188007
188615
189282
189304
189393
189500
189738
190727
191170
191750
191816
191940
192347
192377
192751
192948
193046
193229
193259
193383
193476
193788
193956
194308
194653
194710
194725
194741
195006
195007
195281
195285
195558
195564
195725
195918
196451
196610
197348
197471
197495
197642
198304
198742
198810
198816
198834
198866
199033
199055
199177
199180
199210
199298
199516
199707
199864
200068
200154
200221
200368
200509
200534
200545
200605
200631
200650
200671
200755
200894
200983
201196
201590
202057
202096
202171
202174
202439
202549
202594
202708
202791
202900
202948
203064
203409
203414
203786
203880
204017
204038
204251
204266
204396
204977
205176
206057
206195
207664
208780
209302
209553
210604
210783
210923
210930
210964
210983
211038
211162
211433
211480
212028
212295
212817
213150
213190
213381
213534
213837
214067
214068
214281
214946
215175
215378
215619
215715
215718
215749
215770
216380
216447
216567
216582
216696
216714
216780
216822
217425
218017
218294
218530
218554
218810
219131
219314
220071
220106
220701
220715
220856
222346
222387
222846
223697
224069
224707
225065
225670
225823
225876
226160
226313
226508
226745
226835
226928
227039
227051
227861
227901
228043
228253
228950
230032
230307
230413
230809
231042
231144
231473
232109
232382
232435
232560
232568
232653
232867
232929
232935
233289
233537
233620
233712
234054
234188
234285
234333
234336
234888
235074
235107
235196
235215
235240
235605
236366
236391
236616
236664
236829
236844
236925
237102
237270
237294
237316
237332
237880
238973
239172
239335
239574
239668
239686
239744
239952
240128
240336
240403
240469
241045
241261
241547
241664
241678
242019
242224
242326
242716
242816
243049
243196
243556
244227
244463
244466
244964
245159
245345
245492
245496
245609
245683
245843
245873
245930
247685
248992
249242
250364
250477
250949
251753
251772
252586
252773
252829
252946
252991
253113
253164
253233
253600
253985
254009
254147
254355
254454
254494
254530
254696
255696
255970
256183
257215
257538
257654
257730
257774
257780
258230
258236
258374
258410
258521
258598
258925
258970
258986
259333
259341
260098
260626
260830
261425
262189
262966
263119
263290
263320
263648
263656
263938
264512
264530
264574
264575
264576
264712
264745
264772
264796
264998
265000
265309
265513
265753
265768
265792
265861
266422
266771
267005
267098
267131
267461
267476
267655
267803
267830
268415
268529
268868
268907
269309
269358
269789
269886
270257
270525
270633
271512
271944
271971
271992
272032
272038
272093
272233
272468
273980
274025
274370
274818
274844
275198
275270
276441
277142
277322
277579
278394
278872
279109
279130
279169
279229
279682
279718
279975
280333
280430
280994
281659
281838
281904
281920
282075
282298
282326
282453
282512
283277
283457
283612
283893
283933
284115
284937
285432
285465
285867
286148
286209
286316
286391
286502
286752
286802
286828
286865
286901
286906
287057
287229
287238
287284
287337
287422
287521
287664
287853
288103
288401
288762
289088
289243
289393
289442
289469
289837
290332
291044
291096
291114
291203
291246
291251
291252
291313
291355
292215
292393
292465
292485
292503
292638
293158
295205
295361
295393
295443
295959
296345
296380
296393
296498
296649
297021
297484
297621
297828
298195
298280
298448
298533
298560
298589
298756
298907
299535
299701
300524
301071
301234
301305
301525
301533
301568
301772
301922
302222
302633
302814
303780
303807
304862
305222
305432
305588
306080
306244
306476
306518
306525
306698
306746
306755
307505
307579
307685
308234
308329
308719
308938
309587
309796
309818
310530
310690
310732
310918
310946
311865
311955
311970
313008
313228
313236
313357
313834
313954
314461
314704
314911
315388
315512
315713
316048
316205
316580
316676
316728
317394
318145
318535
318829
319694
320333
320355
321502
321964
322136
322198
322226
322298
322307
322325
323103
323512
323528
323719
324176
324345
324645
324690
325197
325896
326711
326717
327254
327302
327803
327827
327848
328382
328395
328491
328786
329314
329373
329529
329572
329584
329617
329941
330214
330556
330571
330799
330991
331090
331267
331617
331853
331909
332031
332039
332063
332238
332286
332346
332780
332952
333006
333144
333741
334023
334077
334143
334546
334806
335504
336337
336445
336526
336590
336784
336879
337138
337179
337250
337419
337437
337499
337511
337613
337667
337724
337841
337865
338183
338262
338332
338490
338543
338622
338931
338936
339046
339050
339078
339098
339110
339114
339687
339729
339833
340132
340345
340409
340435
341086
341182
341206
342157
342505
342514
342745
342823
342944
343290
343450
343683
343690
343936
344269
344345
344469
344470
344506
344509
344873
344884
344917
344976
345040
345055
345087
345096
345110
345980
346247
346331
346628
347009
347144
347399
347435
347437
347724
347798
347799
348262
348373
348475
348697
349888
349953
350479
350713
350773
351211
351646
351946
352381
352383
352487
352575
352618
352804
352974
353144
353305
353318
353535
353601
353679
353863
353883
354171
354174
354222
354279
354359
354525
354840
354933
355038
355068
355341
355495
355782
356043
356350
356407
356455
356869
356972
357034
357487
357813
357853
357960
358021
358102
358161
358747
358822
358849
359005
359115
359439
359938
359939
359989
360155
360263
360694
361807
361818
361824
362178
362882
363029
363047
363135
363695
364093
364843
365350
365403
365411
365924
366058
366346
366380
366595
366649
366758
366909
366915
366916
367109
367110
367289
367511
367655
367806
368305
368629
369570
369589
369643
370453
370812
370897
370998
371406
371598
371914
373627
374470
374857
375403
375855
376113
376226
378101
378249
378541
378769
378809
378833
378909
379460
379885
379935
380115
380368
380443
380758
380806
380850
380878
381280
381362
381495
381627
381741
381840
381919
381920
383083
383310
383387
383599
384099
384423
384591
384718
384760
384769
384887
384917
385830
386485
386538
386557
386574
386604
386645
386805
387014
387162
387173
387194
387206
387418
387492
387568
387644
387715
388058
388170
388678
388806
389187
389818
389885
390128
390540
391035
391107
391426
391539
391638
391648
391804
391827
392183
392406
392970
393751
394093
395015
395483
395554
395740
396582
397049
397668
397759
397779
397986
398289
398525
399434
399638
400838
401423
401616
401621
402317
402769
402947
402965
403004
403028
403097
403502
403568
403736
403823
404596
404667
404858
404886
404989
405195
405324
405423
405840
405846
406045
406076
406204
406247
406286
406571
406822
406865
406902
407308
407571
407671
408139
408303
408319
408347
408439
408750
408835
408877
408946
408975
409000
409113
409216
409368
409553
409644
409707
409923
410106
410168
410397
410541
410559
410809
411012
411174
411343
411346
411512
413187
413682
413847
413851
414040
414041
414288
414410
414483
414498
414794
414828
415381
415625
415744
416011
416230
416905
417099
417454
418123
418215
418310
418435
418963
418993
419387
419431
419475
419514
419531
419582
419654
419777
419927
419981
420298
420758
421121
422575
423167
423170
423302
423638
423985
424087
424841
425006
425055
425121
425302
425377
425440
425511
425530
425749
425761
425880
425899
425902
425909
425940
426150
426395
426676
426889
427523
427879
428478
428562
428691
428822
428845
428863
428900
428908
429173
429203
429236
429479
429704
429879
430062
430071
430481
431492
431694
431838
431840
432048
432085
432416
432506
432538
432881
432902
433340
433373
433481
434228
434613
434729
435056
435620
435858
435865
435994
436025
436032
436064
436085
436422
443164
443225
443451
443461
443462
443485
443499
443521
443526
443547
443612
443661
443668
443684
443709
443758
443763
443833
444028
444202
444290
444303
444321
444387
444490
444498
444506
444755
444899
445607
445861
445985
446142
446280
446391
446756
446816
446931
447002
447294
447597
448089
449463
450060
450382
450384
450521
450533
450611
450669
450699
451005
451450
451451
451459
451892
452400
452569
452674
452854
452935
453010
453031
453106
454868
454958
454982
455063
456445
456568
456649
456823
457152
457330
457391
457634
458206
458279
458489
458612
458660
458912
458921
458958
458976
459034
459333
459802
459929
459951
460151
460340
460602
460696
460996
461013
461079
461367
462342
463061
463543
463615
463657
463659
463723
464201
464368
464400
464655
464709
465383
466327
466824
466923
467054
467814
467898
467922
468177
468494
468582
469012
469401
469629
469667
469713
469874
470025
470217
470379
470595
471369
471561
471834
471957
472083
472093
472370
472409
472433
472490
472929
473241
473940
474237
474370
474808
475030
475211
475318
475484
475496
475562
475711
475729
475796
475802
476646
476811
477361
477500
477910
477983
478083
479406
479515
479677
479770
479899
480004
480360
480383
480568
480671
481542
482104
482155
482429
482489
482737
482770
482966
483116
483577
483739
484249
484327
485132
485212
485814
485964
486091
486231
486284
486307
486334
486575
486612
486629
486771
487209
487228
487380
487579
487851
487872
487935
488079
488646
488655
489307
489406
489538
490235
490254
490848
491068
491133
491370
491543
491568
492006
493377
493470
493905
494337
494546
494821
495414
495454
495673
495832
495977
496495
496642
496753
496807
496835
496921
497162
497602
497709
497958
497997
498200
498437
498848
499073
499617
499656
499731
499939
500018
500111
500339
500541
500562
500590
500615
500735
500897
500988
501008
501086
501437
501668
502256
503192
503459
503873
504044
504837
505008
505698
505721
505836
506360
506424
506595
506604
506854
507476
508142
508697
508976
509084
510238
510285
510291
510355
510403
510469
510522
510564
510580
510650
510652
510713
510773
510816
511038
511141
511378
511406
511425
511493
511583
511623
511625
511628
511707
511744
511751
511752
511769
511842
511943
511946
512102
512105
512148
512149
512517
513853
513862
514323
514359
514428
514583
514728
515006
515185
515189
515196
515535
515837
516047
516134
516227
516650
516982
517454
517615
518153
519072
519153
519709
520114
520446
520828
521475
521553
522195
522294
522510
522823
522945
522960
522978
523110
524518
524643
525053
525145
525289
525478
525636
525655
526094
526237
526263
526725
526767
527906
528017
528301
528320
528371
528548
529035
529090
529339
529887
529905
529944
530472
530529
530697
531090
531408
531420
532005
532008
532161
532188
532272
532572
532708
533002
533061
533457
533778
533820
534401
534539
535727
536003
536180
536238
536429
536802
537164
537617
537914
538351
538388
538592
538649
538685
538748
539088
539199
539281
539336
539378
539499
539669
540040
541747
542076
542211
542513
542586
542874
542953
543700
543720
543850
543909
543911
544071
544093
544432
544477
544696
545320
545374
545431
545469
545566
545587
545612
545616
545677
545698
545725
545863
546763
549088
550401
550441
550745
550890
550926
551115
551282
551352
551697
552399
552478
552914
553028
553033
553046
553236
553246
553411
554044
554363
554408
554422
554518
554550
554769
554989
555046
555186
555561
555825
555876
555956
556002
556008
556013
556092
556165
556411
556430
557006
557883
557977
558028
558242
560017
560857
560944
560966
561198
561274
561362
561391
561472
561671
561951
561972
562839
562911
563864
564815
566096
567154
567464
567614
568709
568823
569053
569117
569371
569426
569516
569711
569888
569918
570086
570168
570186
570701
570800
570880
570905
570943
571277
571413
571582
571597
571598
571690
571702
571735
571853
571905
571918
572382
572559
572563
573299
573396
574042
574057
574640
574829
574915
575028
575468
575958
575959
576179
576572
576887
576959
577130
577229
577235
581005
581536
581651
582475
582586
582598
582607
582795
582915
583554
584108
584114
584210
584857
584912
585391
585481
585958
586036
586497
586509
586725
587344
587432
587507
587952
588612
588860
588861
588898
588931
588949
589021
589077
589257
589268
589469
589478
589655
589849
590043
590135
590216
590286
590325
590813
591462
591528
591529
591926
591978
591996
592063
592088
592112
592115
593104
593126
593195
593316
593317
593540
593963
594058
594210
594253
594266
594583
594625
594777
594992
595063
595114
595483
595958
596083
596170
596239
596424
597694
597961
598171
598249
598540
598678
599131
599806
600272
600385
600395
600581
601297
601315
601330
601528
601537
601645
601738
601857
602032
602251
602419
602439
603004
603106
603262
603364
603514
603540
603616
603617
603737
603751
603773
603846
604052
604076
604949
605025
605090
605723
606730
606815
606934
607028
607493
607904
607906
607921
607926
608221
608411
608468
608678
608683
609204
609333
609523
609594
610076
610303
610749
610825
610828
612509
612890
612912
612915
613080
613096
613103
613637
613666
613670
613881
614469
614470
614587
614879
614945
614961
615115
615128
615339
615357
615440
615756
615882
615999
616149
616361
616518
616635
616899
616944
617005
617214
617271
617481
617643
618112
618229
618231
618638
619030
619031
619258
619267
619388
619805
620007
620225
620505
620737
620773
621160
621401
621650
621728
621830
621831
621931
622060
622071
622139
622165
622262
623516
624175
624374
624811
625038
625225
625320
625414
625519
626098
626230
626641
627088
627235
627846
627863
627865
628026
628176
628893
629370
629435
629487
629565
629691
629845
630376
630573
630596
630884
631527
631631
631831
631842
631858
632145
633138
633265
633516
634010
634106
634225
634542
635151
635562
635799
635901
635910
636479
636742
638366
638372
638973
639081
639358
640119
640419
641552
641895
642071
642171
642510
642513
642603
642612
643790
643795
644963
645731
645864
645942
646173
646356
647349
647471
647897
647922
647937
648168
648366
648482
648637
648799
649916
650376
650468
650762
650823
650861
651191
652093
652427
652718
652763
652772
653426
653777
653803
653873
653881
653882
653921
653929
653932
653953
653958
653974
654407
654411
654514
654661
654757
654989
655141
655245
656060
656175
656226
656532
656605
657678
657714
658141
658289
658481
658683
658902
659170
659254
659320
659340
659349
659728
659822
659868
660020
660498
660801
660982
661260
661375
661400
661443
662624
662768
663321
663729
664316
664348
664567
664680
664822
665361
666185
666337
666483
667416
667536
667823
667858
667966
668032
668392
669013
669226
669627
669691
670096
670510
670603
670672
670807
671075
671114
671425
671947
672103
672136
672427
672569
672668
672733
672779
672797
672824
673223
673445
673707
674215
674227
674314
674320
674654
674774
675074
675104
675149
675380
675600
675659
675711
675863
675945
676691
676743
676928
677287
677647
678208
678464
678517
678562
678596
678599
678709
678816
679562
679573
679575
679597
679712
680182
680253
680291
680637
680750
681176
681398
681542
681803
681836
681914
682218
682272
682348
682384
682423
682597
682857
683025
683164
683285
683296
683503
683733
683961
684147
684375
684455
684479
685030
685433
685465
685590
685853
685867
685870
685871
685954
686511
686590
686779
687317
687405
687565
687602
687708
687758
687807
687811
687832
687880
687978
688111
688115
688156
688161
688249
688296
688631
688640
688667
689032
689494
689677
690349
692440
692478
692510
692741
693047
693141
693825
694426
695202
695215
695351
695434
695444
695561
695738
695912
696087
696088
696288
696482
696582
696879
696953
697122
697144
697315
697444
697838
698558
698642
698973
699154
699663
700063
700285
700311
702124
702366
702489
702492
702543
702578
702863
703030
703206
703259
703815
703890
705129
705153
705247
705570
705963
706053
706320
706329
706366
706474
706637
706852
707059
707295
707364
707402
707406
707478
707775
708078
708138
708230
708556
708641
708647
708887
708937
708998
709031
709987
710033
710043
710793
710988
711099
711248
711390
711631
711691
712507
713201
713959
714279
714300
716297
716336
716378
716554
716555
716942
717019
717039
717101
717292
717332
717350
717896
717952
718160
718423
718569
718667
718963
718964
719281
719387
719766
719898
719918
719992
721050
721892
722117
722416
722483
722572
723524
723738
724013
724568
724951
724967
725310
725336
726081
726386
726485
726715
727851
727853
728111
728378
728690
728712
728725
728832
729296
729540
729600
730141
730436
730469
730551
731135
732035
732114
732115
732750
733113
733137
733467
733513
733950
734063
734183
734298
734343
735908
736723
737659
737724
737739
737761
738306
738975
739009
739133
739625
740798
740879
741253
741467
741972
742149
742296
742340
742539
742684
743326
743734
744098
744800
745157
745697
745769
746299
746951
747023
747024
747100
747103
747120
747167
747171
747557
747815
748200
748244
748581
749559
750456
750666
750765
750807
751172
752898
752937
753088
753119
753336
754263
754347
755191
755318
755437
755729
756226
756257
756511
756619
756638
756669
756671
756700
756704
756886
756925
756979
757031
757033
757047
757054
757165
757177
758072
758112
758360
758422
758431
758599
758831
758911
758917
758947
758960
758968
759019
759209
759705
760865
760882
762178
763037
764221
764287
764918
764989
765727
765757
765928
766111
766291
766294
766471
766645
767014
767557
767802
768147
768534
768558
768915
768950
769783
769881
769908
770091
770238
770314
770602
770863
770864
771861
772048
772068
772936
773132
773280
773283
774732
774739
774964
775108
775183
775847
775852
776133
776164
776228
776325
776349
776502
776624
776791
777250
777255
777389
777469
777667
778041
778413
778483
778491
778577
778611
778653
778678
778795
779146
779194
779267
779303
779486
780244
780553
780656
780924
781405
781537
781574
781577
781661
781701
781725
781741
782830
783492
783637
783719
783722
783796
785968
786161
786508
786585
786663
787032
787095
787134
787191
787395
787576
787859
787937
787957
788088
788278
788431
789091
789301
789370
789882
789991
790026
790319
790706
790847
790991
791332
791347
791526
791787
792467
792547
792640
792842
793862
794615
795092
795093
795139
795149
795316
795324
795527
796824
796905
797009
797112
797420
798282
798565
798575
798579
798879
799228
799416
799593
799652
799990
800057
800175
800848
801126
801606
802086
802127
802139
802158
802249
802310
802427
802502
803171
803255
803489
804145
804410
810775
810776
811565
811842
812552
812845
813366
813693
813714
813738
813879
814215
814795
815038
815375
815485
816173
816296
816378
816397
816490
816724
816914
817529
817892
818346
818493
818826
819096
819294
819305
819431
819645
819681
820254
820290
820356
820380
820928
820949
821426
821432
821451
821491
821582
821703
821710
822037
822057
822366
822591
822745
822808
823042
823381
823454
824700
824936
824941
825143
825962
826071
826190
826380
826395
826577
826583
826851
827196
827223
827234
827895
827997
828006
828434
828484
828563
828592
828711
828891
829035
829194
829198
829307
829657
830004
830277
830811
831235
831747
832403
832631
832807
832826
832863
833341
833395
833507
833512
833734
833870
834011
834026
834110
834395
834442
834513
834517
834534
834550
834558
834570
834822
834885
834888
834906
835188
835195
835446
835608
835623
836340
836521
836893
837309
837439
837468
837469
837483
837567
837888
839240
839316
839445
839916
840416
840488
841238
841571
841646
841742
842051
842073
842084
842086
842219
842931
843042
843720
843754
843966
857636
859791
860105
860233
860272
860359
860362
860653
860656
862247
863244
863552
863733
863780
864016
864249
864815
864906
864909
865007
865057
865085
865102
865918
865958
866135
866489
866667
866670
866682
867792
868093
868341
868353
869074
869242
869863
870052
870274
870746
871047
871356
871663
871726
872131
872154
872872
872874
872915
872939
873648
873767
874001
874128
874409
874514
874564
874669
876279
876647
876719
876810
876853
876914
876931
877459
877898
877997
878117
878264
878420
878899
880014
880157
880188
880220
880240
880262
880390
880396
880397
880399
880404
880408
880421
880427
880461
880794
880815
880817
880861
880877
880884
880901
880931
880945
880970
880994
881021
881165
881245
881280
881444
881459
881462
881796
882057
882103
882225
882292
882348
882405
882467
882915
883015
883032
883039
883214
883913
883967
884196
884218
884283
884286
884479
884742
884832
884895
885171
885327
885571
885683
885753
885762
885768
885822
885828
885864
885942
886141
886188
886734
887502
887552
887622
887709
888231
888239
888652
888934
888938
888942
888950
889219
889306
889330
889357
889393
889404
889429
889543
889589
889595
889742
890146
890236
890467
890560
890563
890698
890947
891169
891194
891281
891344
891421
891466
891539
891791
892061
892273
892306
892352
892624
893559
893675
893971
894033
894280
894373
894610
894693
894711
895080
895642
895738
895777
895801
896575
896591
896989
897140
897258
897350
897661
897742
898021
898123
898210
898463
898636
898746
898984
899050
899206
899416
899499
899924
900042
900169
900172
900283
900340
900464
900649
900650
900736
900907
901021
901126
901144
901708
901710
902268
902382
902520
902568
902772
902775
902997
903111
903117
903146
903657
904228
904338
904377
904509
904623
905056
905538
905589
905965
906237
906240
906309
906345
906381
906387
906471
906513
906549
907043
907427
908420
908438
908447
908597
908649
908706
908712
909340
909392
909611
910104
910109
910111
910435
910525
910771
910900
911014
911060
911122
911238
911554
911898
912647
912678
912753
912878
913419
913446
913468
913526
913665
913687
913712
913748
914046
914217
914319
915138
916248
916309
916537
916779
916877
916985
917010
917368
918243
918505
918565
918658
918763
918769
918874
919423
919457
919524
919701
919704
919842
919984
920045
920178
920191
920247
920487
920779
920827
921002
921047
921154
921247
921490
921562
921595
921610
921713
921810
921813
922391
922852
922942
923017
923175
923317
923722
923828
923864
923870
923956
924009
924127
924130
924152
924943
925012
925027
925033
926851
927911
